(0, -10, 0, 316.7048347771676, 230, 0, 0, False, 1425243732.523846)
(0, -10, 0, 316.7048347771676, 230, 0, 0, False, 1425243732.625536)
(0, -10, 0, 316.7048347771676, 230, 0, 0, False, 1425243732.727022)
(0, -10, 0, 316.7048347771676, 230, 0, 0, False, 1425243732.830104)
(0, -10, 0, 356.29999999110237, 311.29999999110237, 1.4700000000000002, 0, False, 1425243732.932277)
(0, -10, 0, 356.29999999110237, 311.29999999110237, 1.4700000000000002, 0, False, 1425243733.036488)
(0, -10, 0, 356.29999999110237, 311.29999999110237, 1.4700000000000002, 0, False, 1425243733.139676)
(0, -10, 0, 356.29999999110237, 311.29999999110237, 1.4700000000000002, 0, False, 1425243733.243608)
(0, -10, 0, 356.29999999110237, 311.29999999110237, 1.4700000000000002, 0, False, 1425243733.347012)
(0, -10, 0, 356.29999999110237, 311.29999999110237, 1.4700000000000002, 0, False, 1425243733.453913)
(0, -10, 0, 356.29999999110237, 311.29999999110237, 1.4700000000000002, 0, True, 1425243733.566219)
(0, -10, 331.2, 356.29999999110237, 311.29999999110237, 1.4700000000000002, 0, False, 1425243733.670454)
(0, -10, 331.2, 356.29999999110237, 311.29999999110237, 1.4700000000000002, 0, False, 1425243733.774606)
(0, -10, 331.2, 356.29999999110237, 311.29999999110237, 1.4700000000000002, 0, False, 1425243733.880826)
(0, -10, 331.2, 356.29999999110237, 311.29999999110237, 1.4700000000000002, 0, False, 1425243733.984914)
(0, -10, 331.2, 356.29999999110237, 311.29999999110237, 1.4700000000000002, 0, False, 1425243734.089965)
(0, -10, 331.2, 356.29999999110237, 311.29999999110237, 1.4700000000000002, 0, False, 1425243734.194111)
(44.222405, -76.48578166666667, 331.2, 102.186438177502, 311.29999999110237, 1.4700000000000002, 0, False, 1425243734.297595)
