(0, -10, 0, 316.70194798219575, 230, 0, 2, False, 1425246601.997747)
(0, -10, 0, 316.70194798219575, 230, 0, 2, False, 1425246602.110437)
(0, -10, 0, 316.70194798219575, 230, 0, 2, False, 1425246602.211654)
(0, -10, 0, 316.70194798219575, 230, 0, 2, False, 1425246602.314864)
(0, -10, 0, 316.70194798219575, 230, 0, 2, False, 1425246602.416269)
(0, -10, 0, 316.70194798219575, 230, 0, 2, False, 1425246602.518032)
(0, -10, 0, 316.70194798219575, 230, 0, 2, False, 1425246602.624893)
(0, -10, 0, 316.70194798219575, 230, 0, 2, False, 1425246602.727467)
(0, -10, 0, 316.70194798219575, 230, 0, 2, False, 1425246602.829592)
(0, -10, 0, 316.70194798219575, 230, 0, 2, False, 1425246602.931949)
(0, -10, 0, 316.70194798219575, 230, 0, 2, False, 1425246603.039895)
(0, -10, 0, 316.70194798219575, 230, 0, 2, False, 1425246603.170101)
(0, -10, 0, 316.70194798219575, 230, 0, 2, False, 1425246603.274555)
(0, -10, 0, 316.70194798219575, 230, 0, 2, False, 1425246603.376717)
(0, -10, 0, 316.70194798219575, 230, 0, 2, False, 1425246603.478954)
(0, -10, 0, 316.70194798219575, 230, 0, 2, False, 1425246603.581361)
(0, -10, 0, 316.70194798219575, 230, 0, 2, False, 1425246603.687381)
(0, -10, 0, 316.70194798219575, 230, 0, 2, False, 1425246603.789827)
(0, -10, 0, 316.70194798219575, 230, 0, 2, False, 1425246603.894496)
(0, -10, 0, 316.70194798219575, 230, 0, 2, False, 1425246604.000258)
(0, -10, 0, 316.70194798219575, 230, 0, 2, False, 1425246604.106245)
(0, -10, 0, 316.70194798219575, 230, 0, 2, False, 1425246604.227546)
(0, -10, 0, 316.70194798219575, 230, 0, 2, False, 1425246604.329564)
(0, -10, 0, 316.70194798219575, 230, 0, 2, False, 1425246604.431668)
(0, -10, 0, 316.70194798219575, 230, 0, 2, False, 1425246604.53403)
(0, -10, 0, 316.70194798219575, 230, 0, 2, False, 1425246604.636221)
(0, -10, 0, 316.70194798219575, 230, 0, 2, False, 1425246604.74657)
(0, -10, 0, 316.70194798219575, 230, 0, 2, False, 1425246604.849069)
(0, -10, 0, 316.70194798219575, 230, 0, 2, False, 1425246604.951086)
(0, -10, 0, 316.70194798219575, 230, 0, 2, False, 1425246605.053535)
(0, -10, 0, 316.70194798219575, 230, 0, 2, False, 1425246605.161379)
(0, -10, 0, 316.70194798219575, 230, 0, 2, False, 1425246605.28755)
(0, -10, 0, 316.70194798219575, 230, 0, 2, False, 1425246605.389889)
(0, -10, 0, 316.70194798219575, 230, 0, 2, False, 1425246605.492128)
(0, -10, 0, 316.70194798219575, 230, 0, 2, False, 1425246605.594558)
(0, -10, 0, 316.70194798219575, 230, 0, 2, False, 1425246605.704262)
(0, -10, 0, 316.70194798219575, 230, 0, 2, False, 1425246605.810147)
(0, -10, 0, 316.70194798219575, 230, 0, 2, False, 1425246605.917033)
(0, -10, 0, 316.70194798219575, 230, 0, 2, False, 1425246606.019158)
(0, -10, 0, 316.70194798219575, 230, 0, 2, False, 1425246606.124236)
(0, -10, 0, 316.70194798219575, 230, 0, 2, False, 1425246606.229687)
(0, -10, 0, 316.70194798219575, 230, 0, 2, False, 1425246606.364595)
(0, -10, 0, 316.70194798219575, 230, 0, 2, False, 1425246606.466685)
(0, -10, 0, 316.70194798219575, 230, 0, 2, False, 1425246606.569155)
(0, -10, 0, 316.70194798219575, 230, 0, 2, False, 1425246606.671374)
(0, -10, 0, 316.70194798219575, 230, 0, 2, False, 1425246606.773853)
(0, -10, 0, 316.70194798219575, 230, 0, 2, False, 1425246606.876264)
(0, -10, 0, 316.70194798219575, 230, 0, 2, False, 1425246606.978365)
(0, -10, 0, 316.70194798219575, 230, 0, 2, False, 1425246607.083079)
(0, -10, 0, 316.70194798219575, 230, 0, 2, False, 1425246607.18527)
(0, -10, 0, 316.70194798219575, 230, 0, 2, False, 1425246607.293403)
(0, -10, 0, 316.70194798219575, 230, 0, 2, False, 1425246607.424753)
(0, -10, 0, 316.70194798219575, 230, 0, 2, False, 1425246607.526813)
(0, -10, 0, 316.70194798219575, 230, 0, 2, False, 1425246607.631829)
(0, -10, 0, 316.70194798219575, 230, 0, 2, False, 1425246607.733871)
(0, -10, 0, 316.70194798219575, 230, 0, 2, False, 1425246607.836023)
(0, -10, 0, 316.70194798219575, 230, 0, 2, False, 1425246607.938304)
(0, -10, 0, 316.70194798219575, 230, 0, 2, False, 1425246608.042247)
(0, -10, 0, 316.70194798219575, 230, 0, 2, False, 1425246608.144356)
(0, -10, 0, 316.70194798219575, 230, 0, 2, False, 1425246608.248989)
(0, -10, 0, 316.70194798219575, 230, 0, 2, False, 1425246608.354956)
(0, -10, 0, 316.70194798219575, 230, 0, 2, False, 1425246608.477595)
(0, -10, 0, 316.70194798219575, 230, 0, 2, False, 1425246608.579927)
(0, -10, 0, 316.70194798219575, 230, 0, 2, False, 1425246608.686017)
(0, -10, 0, 316.70194798219575, 230, 0, 2, False, 1425246608.788519)
(0, -10, 0, 316.70194798219575, 230, 0, 2, False, 1425246608.893488)
(0, -10, 0, 316.70194798219575, 230, 0, 2, False, 1425246608.995707)
(0, -10, 0, 316.70194798219575, 230, 0, 2, False, 1425246609.097948)
(0, -10, 0, 316.70194798219575, 230, 0, 2, False, 1425246609.200409)
(0, -10, 0, 316.70194798219575, 230, 0, 2, False, 1425246609.304955)
(0, -10, 0, 316.70194798219575, 230, 0, 2, False, 1425246609.410488)
(0, -10, 0, 316.70194798219575, 230, 0, 2, False, 1425246609.531393)
(0, -10, 0, 316.70194798219575, 230, 0, 2, False, 1425246609.633944)
(0, -10, 0, 316.70194798219575, 230, 0, 2, False, 1425246609.736061)
(0, -10, 0, 316.70194798219575, 230, 0, 2, False, 1425246609.838763)
(0, -10, 0, 316.70194798219575, 230, 0, 2, False, 1425246609.940941)
(0, -10, 0, 316.70194798219575, 230, 0, 2, False, 1425246610.044976)
(0, -10, 0, 316.70194798219575, 230, 0, 2, False, 1425246610.151183)
(0, -10, 0, 316.70194798219575, 230, 0, 2, False, 1425246610.253387)
(0, -10, 0, 316.70194798219575, 230, 0, 2, False, 1425246610.357725)
(0, -10, 0, 316.70194798219575, 230, 0, 2, False, 1425246610.463577)
(0, -10, 0, 316.70194798219575, 230, 0, 2, False, 1425246610.595253)
(0, -10, 0, 316.70194798219575, 230, 0, 2, False, 1425246610.700932)
(0, -10, 0, 316.70194798219575, 230, 0, 2, False, 1425246610.808528)
(0, -10, 0, 316.70194798219575, 230, 0, 2, False, 1425246610.913321)
(0, -10, 0, 316.70194798219575, 230, 0, 2, False, 1425246611.015502)
(0, -10, 0, 316.70194798219575, 230, 0, 2, False, 1425246611.118411)
(0, -10, 0, 316.70194798219575, 230, 0, 2, False, 1425246611.220504)
(0, -10, 0, 316.70194798219575, 230, 0, 2, False, 1425246611.323004)
(0, -10, 0, 316.70194798219575, 230, 0, 2, False, 1425246611.425269)
(0, -10, 0, 316.70194798219575, 230, 0, 2, False, 1425246611.530551)
(0, -10, 0, 316.70194798219575, 230, 0, 2, False, 1425246611.663329)
(0, -10, 0, 316.70194798219575, 230, 0, 2, False, 1425246611.768543)
(0, -10, 0, 316.70194798219575, 230, 0, 2, False, 1425246611.870603)
(0, -10, 0, 316.70194798219575, 230, 0, 2, False, 1425246611.973039)
(0, -10, 0, 316.70194798219575, 230, 0, 2, False, 1425246612.075467)
(0, -10, 0, 316.70194798219575, 230, 0, 2, False, 1425246612.177599)
(0, -10, 0, 316.70194798219575, 230, 0, 2, False, 1425246612.288058)
(0, -10, 0, 316.70194798219575, 230, 0, 2, False, 1425246612.390099)
(0, -10, 0, 316.70194798219575, 230, 0, 2, False, 1425246612.492363)
(0, -10, 0, 316.70194798219575, 230, 0, 2, False, 1425246612.597965)
(0, -10, 0, 316.70194798219575, 230, 0, 2, False, 1425246612.724357)
(0, -10, 0, 316.70194798219575, 230, 0, 2, False, 1425246612.826643)
(0, -10, 0, 316.70194798219575, 230, 0, 2, False, 1425246612.92905)
(0, -10, 0, 316.70194798219575, 230, 0, 2, False, 1425246613.031149)
(0, -10, 0, 316.70194798219575, 230, 0, 2, False, 1425246613.133743)
(0, -10, 0, 316.70194798219575, 230, 0, 2, False, 1425246613.236036)
(0, -10, 0, 316.70194798219575, 230, 0, 2, False, 1425246613.341447)
(0, -10, 0, 316.70194798219575, 230, 0, 2, False, 1425246613.443755)
(0, -10, 0, 316.70194798219575, 230, 0, 2, False, 1425246613.548353)
(0, -10, 0, 316.70194798219575, 230, 0, 2, False, 1425246613.654027)
(0, -10, 0, 316.70194798219575, 230, 0, 2, False, 1425246613.777052)
(0, -10, 0, 316.70194798219575, 230, 0, 2, False, 1425246613.879977)
(0, -10, 0, 316.70194798219575, 230, 0, 2, False, 1425246613.981972)
(0, -10, 0, 316.70194798219575, 230, 0, 2, False, 1425246614.084363)
(0, -10, 0, 316.70194798219575, 230, 0, 2, False, 1425246614.186637)
(0, -10, 0, 316.70194798219575, 230, 0, 2, False, 1425246614.290485)
(0, -10, 0, 316.70194798219575, 230, 0, 2, False, 1425246614.392574)
(0, -10, 0, 316.70194798219575, 230, 0, 2, False, 1425246614.49512)
(0, -10, 0, 316.70194798219575, 230, 0, 2, False, 1425246614.600442)
(0, -10, 0, 316.70194798219575, 230, 0, 2, False, 1425246614.706722)
(0, -10, 0, 316.70194798219575, 230, 0, 2, False, 1425246614.825583)
(0, -10, 0, 316.70194798219575, 230, 0, 2, False, 1425246614.92769)
(0, -10, 0, 316.70194798219575, 230, 0, 2, False, 1425246615.030107)
(0, -10, 0, 316.70194798219575, 230, 0, 2, False, 1425246615.132463)
(0, -10, 0, 316.70194798219575, 230, 0, 2, False, 1425246615.238704)
(0, -10, 0, 316.70194798219575, 230, 0, 2, False, 1425246615.341167)
(0, -10, 0, 316.70194798219575, 230, 0, 2, False, 1425246615.44621)
(0, -10, 0, 316.70194798219575, 230, 0, 2, False, 1425246615.548446)
(0, -10, 0, 316.70194798219575, 230, 0, 2, False, 1425246615.650697)
(0, -10, 0, 316.70194798219575, 230, 0, 2, False, 1425246615.763216)
(0, -10, 0, 316.70194798219575, 230, 0, 2, False, 1425246615.925585)
(0, -10, 0, 316.70194798219575, 230, 0, 2, False, 1425246616.028351)
(0, -10, 0, 316.70194798219575, 230, 0, 2, False, 1425246616.132994)
(0, -10, 0, 316.70194798219575, 230, 0, 2, False, 1425246616.235388)
(0, -10, 0, 316.70194798219575, 230, 0, 2, False, 1425246616.33754)
(0, -10, 0, 316.70194798219575, 230, 0, 2, False, 1425246616.440118)
(0, -10, 0, 316.70194798219575, 230, 0, 2, False, 1425246616.544143)
(0, -10, 0, 316.70194798219575, 230, 0, 2, False, 1425246616.646144)
(0, -10, 0, 316.70194798219575, 230, 0, 2, False, 1425246616.750871)
(0, -10, 0, 316.70194798219575, 230, 0, 2, False, 1425246616.856544)
(0, -10, 0, 316.70194798219575, 230, 0, 2, False, 1425246616.984839)
(0, -10, 0, 316.70194798219575, 230, 0, 2, False, 1425246617.090692)
(0, -10, 0, 316.70194798219575, 230, 0, 2, False, 1425246617.192915)
(0, -10, 0, 316.70194798219575, 230, 0, 2, False, 1425246617.295147)
(0, -10, 0, 316.70194798219575, 230, 0, 2, False, 1425246617.397693)
(0, -10, 0, 316.70194798219575, 230, 0, 2, False, 1425246617.499803)
(0, -10, 0, 316.70194798219575, 230, 0, 2, False, 1425246617.602474)
(0, -10, 0, 316.70194798219575, 230, 0, 2, False, 1425246617.704745)
(0, -10, 0, 316.70194798219575, 230, 0, 2, False, 1425246617.807)
(0, -10, 0, 316.70194798219575, 230, 0, 2, False, 1425246617.916925)
(0, -10, 0, 316.70194798219575, 230, 0, 2, False, 1425246618.042452)
(0, -10, 0, 316.70194798219575, 230, 0, 2, False, 1425246618.144879)
(0, -10, 0, 316.70194798219575, 230, 0, 2, False, 1425246618.249413)
(0, -10, 0, 316.70194798219575, 230, 0, 2, False, 1425246618.351389)
(0, -10, 0, 316.70194798219575, 230, 0, 2, False, 1425246618.453908)
(0, -10, 0, 316.70194798219575, 230, 0, 2, False, 1425246618.55612)
(0, -10, 0, 316.70194798219575, 230, 0, 2, False, 1425246618.661031)
(0, -10, 0, 316.70194798219575, 230, 0, 2, False, 1425246618.763118)
(0, -10, 0, 316.70194798219575, 230, 0, 2, False, 1425246618.868259)
(0, -10, 0, 316.70194798219575, 230, 0, 2, False, 1425246618.977367)
(0, -10, 0, 316.70194798219575, 230, 0, 2, False, 1425246619.100585)
(0, -10, 0, 316.70194798219575, 230, 0, 2, False, 1425246619.202657)
(0, -10, 0, 316.70194798219575, 230, 0, 2, False, 1425246619.30769)
(0, -10, 0, 316.70194798219575, 230, 0, 2, False, 1425246619.409848)
(0, -10, 0, 316.70194798219575, 230, 0, 2, False, 1425246619.514159)
(0, -10, 0, 316.70194798219575, 230, 0, 2, False, 1425246619.616699)
(0, -10, 0, 316.70194798219575, 230, 0, 2, False, 1425246619.719072)
(0, -10, 0, 316.70194798219575, 230, 0, 2, False, 1425246619.821626)
(0, -10, 0, 316.70194798219575, 230, 0, 2, False, 1425246619.925733)
(0, -10, 0, 316.70194798219575, 230, 0, 2, False, 1425246620.031325)
(0, -10, 0, 316.70194798219575, 230, 0, 2, False, 1425246620.150886)
(0, -10, 0, 316.70194798219575, 230, 0, 2, False, 1425246620.253415)
(0, -10, 0, 316.70194798219575, 230, 0, 2, False, 1425246620.355553)
(0, -10, 0, 316.70194798219575, 230, 0, 2, False, 1425246620.45802)
(0, -10, 0, 316.70194798219575, 230, 0, 2, False, 1425246620.560246)
(0, -10, 0, 316.70194798219575, 230, 0, 2, False, 1425246620.662778)
(0, -10, 0, 316.70194798219575, 230, 0, 2, False, 1425246620.765281)
(0, -10, 0, 316.70194798219575, 230, 0, 2, False, 1425246620.870111)
(0, -10, 0, 316.70194798219575, 230, 0, 2, False, 1425246620.973047)
(0, -10, 0, 316.70194798219575, 230, 0, 2, False, 1425246621.07901)
(0, -10, 0, 316.70194798219575, 230, 0, 2, False, 1425246621.208681)
(0, -10, 0, 316.70194798219575, 230, 0, 2, False, 1425246621.311028)
(0, -10, 0, 316.70194798219575, 230, 0, 2, False, 1425246621.413408)
(0, -10, 0, 316.70194798219575, 230, 0, 2, False, 1425246621.516424)
(0, -10, 0, 316.70194798219575, 230, 0, 2, False, 1425246621.61861)
(0, -10, 0, 316.70194798219575, 230, 0, 2, False, 1425246621.725529)
(0, -10, 0, 316.70194798219575, 230, 0, 2, False, 1425246621.827587)
(0, -10, 0, 316.70194798219575, 230, 0, 2, False, 1425246621.929998)
(0, -10, 0, 316.70194798219575, 230, 0, 2, False, 1425246622.036221)
(0, -10, 0, 316.70194798219575, 230, 0, 2, False, 1425246622.141538)
(0, -10, 0, 316.70194798219575, 230, 0, 2, False, 1425246622.272722)
(0, -10, 0, 316.70194798219575, 230, 0, 2, False, 1425246622.3778)
(0, -10, 0, 316.70194798219575, 230, 0, 2, False, 1425246622.479919)
(0, -10, 0, 316.70194798219575, 230, 0, 2, False, 1425246622.582343)
(0, -10, 0, 316.70194798219575, 230, 0, 2, False, 1425246622.684905)
(0, -10, 0, 316.70194798219575, 230, 0, 2, False, 1425246622.789429)
(0, -10, 0, 316.70194798219575, 230, 0, 2, False, 1425246622.891901)
(0, -10, 0, 316.70194798219575, 230, 0, 2, False, 1425246622.996264)
(0, -10, 0, 316.70194798219575, 230, 0, 2, False, 1425246623.098682)
(0, -10, 0, 316.70194798219575, 230, 0, 2, False, 1425246623.204331)
(0, -10, 0, 316.70194798219575, 230, 0, 2, False, 1425246623.337435)
(0, -10, 0, 316.70194798219575, 230, 0, 2, False, 1425246623.439719)
(0, -10, 0, 316.70194798219575, 230, 0, 2, False, 1425246623.542261)
(0, -10, 0, 316.70194798219575, 230, 0, 2, False, 1425246623.646489)
(0, -10, 0, 316.70194798219575, 230, 0, 2, False, 1425246623.749012)
(0, -10, 0, 316.70194798219575, 230, 0, 2, False, 1425246623.854291)
(0, -10, 0, 316.70194798219575, 230, 0, 2, False, 1425246623.956581)
(0, -10, 0, 316.70194798219575, 230, 0, 2, False, 1425246624.058845)
(0, -10, 0, 316.70194798219575, 230, 0, 2, False, 1425246624.161235)
(0, -10, 0, 316.70194798219575, 230, 0, 2, False, 1425246624.268621)
(0, -10, 0, 316.70194798219575, 230, 0, 2, False, 1425246624.392999)
(0, -10, 0, 316.70194798219575, 230, 0, 2, False, 1425246624.496041)
(0, -10, 0, 316.70194798219575, 230, 0, 2, False, 1425246624.598596)
(0, -10, 0, 316.70194798219575, 230, 0, 2, False, 1425246624.700775)
(0, -10, 0, 316.70194798219575, 230, 0, 2, False, 1425246624.803801)
(0, -10, 0, 316.70194798219575, 230, 0, 2, False, 1425246624.908398)
(0, -10, 0, 316.70194798219575, 230, 0, 2, False, 1425246625.010989)
(0, -10, 0, 316.70194798219575, 230, 0, 2, False, 1425246625.116171)
(0, -10, 0, 316.70194798219575, 230, 0, 2, False, 1425246625.218339)
(0, -10, 0, 316.70194798219575, 230, 0, 2, False, 1425246625.32401)
(0, -10, 0, 316.70194798219575, 230, 0, 2, False, 1425246625.442923)
(0, -10, 0, 316.70194798219575, 230, 0, 2, False, 1425246625.547595)
(0, -10, 0, 316.70194798219575, 230, 0, 2, False, 1425246625.649804)
(0, -10, 0, 316.70194798219575, 230, 0, 2, False, 1425246625.752034)
(0, -10, 0, 316.70194798219575, 230, 0, 2, False, 1425246625.854925)
(0, -10, 0, 316.70194798219575, 230, 0, 2, False, 1425246625.957469)
(0, -10, 0, 316.70194798219575, 230, 0, 2, False, 1425246626.059787)
(0, -10, 0, 316.70194798219575, 230, 0, 2, False, 1425246626.165002)
(0, -10, 0, 316.70194798219575, 230, 0, 2, False, 1425246626.267025)
(0, -10, 0, 316.70194798219575, 230, 0, 2, False, 1425246626.374399)
(0, -10, 0, 316.70194798219575, 230, 0, 2, False, 1425246626.499575)
(0, -10, 0, 316.70194798219575, 230, 0, 2, False, 1425246626.602173)
(0, -10, 0, 316.70194798219575, 230, 0, 2, False, 1425246626.708481)
(0, -10, 0, 316.70194798219575, 230, 0, 2, False, 1425246626.81185)
(0, -10, 0, 316.70194798219575, 230, 0, 2, False, 1425246626.914436)
(0, -10, 0, 316.70194798219575, 230, 0, 2, False, 1425246627.016911)
(0, -10, 0, 316.70194798219575, 230, 0, 2, False, 1425246627.121414)
(0, -10, 0, 316.70194798219575, 230, 0, 2, False, 1425246627.22432)
(0, -10, 0, 316.70194798219575, 230, 0, 2, False, 1425246627.329102)
(0, -10, 0, 316.70194798219575, 230, 0, 2, False, 1425246627.434238)
(0, -10, 0, 316.70194798219575, 230, 0, 2, False, 1425246627.55702)
(0, -10, 0, 316.70194798219575, 230, 0, 2, False, 1425246627.65943)
(0, -10, 0, 316.70194798219575, 230, 0, 2, False, 1425246627.765529)
(0, -10, 0, 316.70194798219575, 230, 0, 2, False, 1425246627.867855)
(0, -10, 0, 316.70194798219575, 230, 0, 2, False, 1425246627.97209)
(0, -10, 0, 316.70194798219575, 230, 0, 2, False, 1425246628.077762)
(0, -10, 0, 316.70194798219575, 230, 0, 2, False, 1425246628.180115)
(0, -10, 0, 316.70194798219575, 230, 0, 2, False, 1425246628.285003)
(0, -10, 0, 316.70194798219575, 230, 0, 2, False, 1425246628.387214)
(0, -10, 0, 316.70194798219575, 230, 0, 2, False, 1425246628.493101)
(0, -10, 0, 316.70194798219575, 230, 0, 2, False, 1425246628.611631)
(0, -10, 0, 316.70194798219575, 230, 0, 2, False, 1425246628.717201)
(0, -10, 0, 316.70194798219575, 230, 0, 2, False, 1425246628.819535)
(0, -10, 0, 316.70194798219575, 230, 0, 2, False, 1425246628.923745)
(0, -10, 0, 316.70194798219575, 230, 0, 2, False, 1425246629.02633)
(0, -10, 0, 316.70194798219575, 230, 0, 2, False, 1425246629.128375)
(0, -10, 0, 316.70194798219575, 230, 0, 2, False, 1425246629.23089)
(0, -10, 0, 316.70194798219575, 230, 0, 2, False, 1425246629.333326)
(0, -10, 0, 316.70194798219575, 230, 0, 2, False, 1425246629.440623)
(0, -10, 0, 316.70194798219575, 230, 0, 2, False, 1425246629.546301)
(0, -10, 0, 316.70194798219575, 230, 0, 2, False, 1425246629.669582)
(0, -10, 0, 316.70194798219575, 230, 0, 2, False, 1425246629.771903)
(0, -10, 0, 316.70194798219575, 230, 0, 2, False, 1425246629.877672)
(0, -10, 0, 316.70194798219575, 230, 0, 2, False, 1425246629.979759)
(0, -10, 0, 316.70194798219575, 230, 0, 2, False, 1425246630.084093)
(0, -10, 0, 316.70194798219575, 230, 0, 2, False, 1425246630.186628)
(0, -10, 0, 316.70194798219575, 230, 0, 2, False, 1425246630.288705)
(0, -10, 0, 316.70194798219575, 230, 0, 2, False, 1425246630.390994)
(0, -10, 0, 316.70194798219575, 230, 0, 2, False, 1425246630.495515)
(0, -10, 0, 316.70194798219575, 230, 0, 2, False, 1425246630.601123)
(0, -10, 0, 316.70194798219575, 230, 0, 2, False, 1425246630.718702)
(0, -10, 0, 316.70194798219575, 230, 0, 2, False, 1425246630.826183)
(0, -10, 0, 316.70194798219575, 230, 0, 2, False, 1425246630.934746)
(0, -10, 0, 316.70194798219575, 230, 0, 2, False, 1425246631.038254)
(0, -10, 0, 316.70194798219575, 230, 0, 2, False, 1425246631.140484)
(0, -10, 0, 316.70194798219575, 230, 0, 2, False, 1425246631.242855)
(0, -10, 0, 316.70194798219575, 230, 0, 2, False, 1425246631.351538)
(0, -10, 0, 316.70194798219575, 230, 0, 2, False, 1425246631.454101)
(0, -10, 0, 316.70194798219575, 230, 0, 2, False, 1425246631.556081)
(0, -10, 0, 316.70194798219575, 230, 0, 2, False, 1425246631.661969)
(0, -10, 0, 316.70194798219575, 230, 0, 2, False, 1425246631.791501)
(0, -10, 0, 316.70194798219575, 230, 0, 2, False, 1425246631.893844)
(0, -10, 0, 316.70194798219575, 230, 0, 2, False, 1425246631.995852)
(0, -10, 0, 316.70194798219575, 230, 0, 2, False, 1425246632.099991)
(0, -10, 0, 316.70194798219575, 230, 0, 2, False, 1425246632.202449)
(0, -10, 0, 316.70194798219575, 230, 0, 2, False, 1425246632.306951)
(0, -10, 0, 316.70194798219575, 230, 0, 2, False, 1425246632.409461)
(0, -10, 0, 316.70194798219575, 230, 0, 2, False, 1425246632.51165)
(0, -10, 0, 316.70194798219575, 230, 0, 2, False, 1425246632.614312)
(0, -10, 0, 316.70194798219575, 230, 0, 2, False, 1425246632.719887)
(0, -10, 0, 316.70194798219575, 230, 0, 2, False, 1425246632.843354)
(0, -10, 0, 316.70194798219575, 230, 0, 2, False, 1425246632.946063)
(0, -10, 0, 316.70194798219575, 230, 0, 2, False, 1425246633.051969)
(0, -10, 0, 316.70194798219575, 230, 0, 2, False, 1425246633.154168)
(0, -10, 0, 316.70194798219575, 230, 0, 2, False, 1425246633.258895)
(0, -10, 0, 316.70194798219575, 230, 0, 2, False, 1425246633.360955)
(0, -10, 0, 316.70194798219575, 230, 0, 2, False, 1425246633.463283)
(0, -10, 0, 316.70194798219575, 230, 0, 2, False, 1425246633.565948)
(0, -10, 0, 316.70194798219575, 230, 0, 2, False, 1425246633.670814)
(0, -10, 0, 316.70194798219575, 230, 0, 2, False, 1425246633.776245)
(0, -10, 0, 316.70194798219575, 230, 0, 2, False, 1425246633.897551)
(0, -10, 0, 316.70194798219575, 230, 0, 2, False, 1425246634.001223)
(0, -10, 0, 316.70194798219575, 230, 0, 2, False, 1425246634.103306)
(0, -10, 0, 316.70194798219575, 230, 0, 2, False, 1425246634.208243)
(0, -10, 0, 316.70194798219575, 230, 0, 2, False, 1425246634.310384)
(0, -10, 0, 316.70194798219575, 230, 0, 2, False, 1425246634.412893)
(0, -10, 0, 316.70194798219575, 230, 0, 2, False, 1425246634.515114)
(0, -10, 0, 316.70194798219575, 230, 0, 2, False, 1425246634.619352)
(0, -10, 0, 316.70194798219575, 230, 0, 2, False, 1425246634.722456)
(0, -10, 0, 316.70194798219575, 230, 0, 2, False, 1425246634.829303)
(0, -10, 0, 316.70194798219575, 230, 0, 2, False, 1425246634.960263)
(0, -10, 0, 316.70194798219575, 230, 0, 2, False, 1425246635.065456)
(0, -10, 0, 316.70194798219575, 230, 0, 2, False, 1425246635.167472)
(0, -10, 0, 316.70194798219575, 230, 0, 2, False, 1425246635.269789)
(0, -10, 0, 316.70194798219575, 230, 0, 2, False, 1425246635.372079)
(0, -10, 0, 316.70194798219575, 230, 0, 2, False, 1425246635.476139)
(0, -10, 0, 316.70194798219575, 230, 0, 2, False, 1425246635.578579)
(0, -10, 0, 316.70194798219575, 230, 0, 2, False, 1425246635.681071)
(0, -10, 0, 316.70194798219575, 230, 0, 2, False, 1425246635.791057)
(0, -10, 0, 316.70194798219575, 230, 0, 2, False, 1425246635.903382)
(0, -10, 0, 316.70194798219575, 230, 0, 2, False, 1425246636.028309)
(0, -10, 0, 316.70194798219575, 230, 0, 2, False, 1425246636.14241)
(0, -10, 0, 316.70194798219575, 230, 0, 2, False, 1425246636.244919)
(0, -10, 0, 316.70194798219575, 230, 0, 2, False, 1425246636.347128)
(0, -10, 0, 316.70194798219575, 230, 0, 2, False, 1425246636.451297)
(0, -10, 0, 316.70194798219575, 230, 0, 2, False, 1425246636.553754)
(0, -10, 0, 316.70194798219575, 230, 0, 2, False, 1425246636.65713)
(0, -10, 0, 316.70194798219575, 230, 0, 2, False, 1425246636.759288)
(0, -10, 0, 316.70194798219575, 230, 0, 2, False, 1425246636.861682)
(0, -10, 0, 316.70194798219575, 230, 0, 2, False, 1425246636.96757)
(0, -10, 0, 316.70194798219575, 230, 0, 2, False, 1425246637.103056)
(0, -10, 0, 316.70194798219575, 230, 0, 2, False, 1425246637.205572)
(0, -10, 0, 316.70194798219575, 230, 0, 2, False, 1425246637.307884)
(0, -10, 0, 316.70194798219575, 230, 0, 2, False, 1425246637.410497)
(0, -10, 0, 316.70194798219575, 230, 0, 2, False, 1425246637.512866)
(0, -10, 0, 316.70194798219575, 230, 0, 2, False, 1425246637.618796)
(0, -10, 0, 316.70194798219575, 230, 0, 2, False, 1425246637.721184)
(0, -10, 0, 316.70194798219575, 230, 0, 2, False, 1425246637.823465)
(0, -10, 0, 316.70194798219575, 230, 0, 2, False, 1425246637.925599)
(0, -10, 0, 316.70194798219575, 230, 0, 2, False, 1425246638.033464)
(0, -10, 0, 316.70194798219575, 230, 0, 2, False, 1425246638.159921)
(0, -10, 0, 316.70194798219575, 230, 0, 2, False, 1425246638.262627)
(0, -10, 0, 316.70194798219575, 230, 0, 2, False, 1425246638.364636)
(0, -10, 0, 316.70194798219575, 230, 0, 2, False, 1425246638.466999)
(0, -10, 0, 316.70194798219575, 230, 0, 2, False, 1425246638.569562)
(0, -10, 0, 316.70194798219575, 230, 0, 2, False, 1425246638.675277)
(0, -10, 0, 316.70194798219575, 230, 0, 2, False, 1425246638.778082)
(0, -10, 0, 316.70194798219575, 230, 0, 2, False, 1425246638.882706)
(0, -10, 0, 316.70194798219575, 230, 0, 2, False, 1425246638.985214)
(0, -10, 0, 316.70194798219575, 230, 0, 2, False, 1425246639.090701)
(0, -10, 0, 316.70194798219575, 230, 0, 2, False, 1425246639.222477)
(0, -10, 0, 316.70194798219575, 230, 0, 2, False, 1425246639.324912)
(0, -10, 0, 316.70194798219575, 230, 0, 2, False, 1425246639.427253)
(0, -10, 0, 316.70194798219575, 230, 0, 2, False, 1425246639.531063)
(0, -10, 0, 316.70194798219575, 230, 0, 2, False, 1425246639.633557)
(0, -10, 0, 316.70194798219575, 230, 0, 2, False, 1425246639.739772)
(0, -10, 0, 316.70194798219575, 230, 0, 2, False, 1425246639.842728)
(0, -10, 0, 316.70194798219575, 230, 0, 2, False, 1425246639.944733)
(0, -10, 0, 316.70194798219575, 230, 0, 2, False, 1425246640.047214)
(0, -10, 0, 316.70194798219575, 230, 0, 2, False, 1425246640.155238)
(0, -10, 0, 316.70194798219575, 230, 0, 2, False, 1425246640.27928)
(0, -10, 0, 316.70194798219575, 230, 0, 2, False, 1425246640.381798)
(0, -10, 0, 316.70194798219575, 230, 0, 2, False, 1425246640.48636)
(0, -10, 0, 316.70194798219575, 230, 0, 2, False, 1425246640.588698)
(0, -10, 0, 316.70194798219575, 230, 0, 2, False, 1425246640.693515)
(0, -10, 0, 316.70194798219575, 230, 0, 2, False, 1425246640.802854)
(0, -10, 0, 316.70194798219575, 230, 0, 2, False, 1425246640.905663)
(0, -10, 0, 316.70194798219575, 230, 0, 2, False, 1425246641.011335)
(0, -10, 0, 316.70194798219575, 230, 0, 2, False, 1425246641.113767)
(0, -10, 0, 316.70194798219575, 230, 0, 2, False, 1425246641.219087)
(0, -10, 0, 316.70194798219575, 230, 0, 2, False, 1425246641.33803)
(0, -10, 0, 316.70194798219575, 230, 0, 2, False, 1425246641.440471)
(0, -10, 0, 316.70194798219575, 230, 0, 2, False, 1425246641.54274)
(0, -10, 0, 316.70194798219575, 230, 0, 2, False, 1425246641.647718)
(0, -10, 0, 316.70194798219575, 230, 0, 2, False, 1425246641.749891)
(0, -10, 0, 316.70194798219575, 230, 0, 2, False, 1425246641.85231)
(0, -10, 0, 316.70194798219575, 230, 0, 2, False, 1425246641.954541)
(0, -10, 0, 316.70194798219575, 230, 0, 2, False, 1425246642.05856)
(0, -10, 0, 316.70194798219575, 230, 0, 2, False, 1425246642.160874)
(0, -10, 0, 316.70194798219575, 230, 0, 2, False, 1425246642.267343)
(0, -10, 0, 316.70194798219575, 230, 0, 2, False, 1425246642.394198)
(0, -10, 0, 316.70194798219575, 230, 0, 2, False, 1425246642.496495)
(0, -10, 0, 316.70194798219575, 230, 0, 2, False, 1425246642.598973)
(0, -10, 0, 316.70194798219575, 230, 0, 2, False, 1425246642.702696)
(0, -10, 0, 316.70194798219575, 230, 0, 2, False, 1425246642.805037)
(0, -10, 0, 316.70194798219575, 230, 0, 2, False, 1425246642.911251)
(0, -10, 0, 316.70194798219575, 230, 0, 2, False, 1425246643.016852)
(0, -10, 0, 316.70194798219575, 230, 0, 2, False, 1425246643.120046)
(0, -10, 0, 316.70194798219575, 230, 0, 2, False, 1425246643.224377)
(0, -10, 0, 316.70194798219575, 230, 0, 2, False, 1425246643.330213)
(0, -10, 0, 316.70194798219575, 230, 0, 2, False, 1425246643.453792)
(0, -10, 0, 316.70194798219575, 230, 0, 2, False, 1425246643.556125)
(0, -10, 0, 316.70194798219575, 230, 0, 2, False, 1425246643.660313)
(0, -10, 0, 316.70194798219575, 230, 0, 2, False, 1425246643.762918)
(0, -10, 0, 316.70194798219575, 230, 0, 2, False, 1425246643.868437)
(0, -10, 0, 316.70194798219575, 230, 0, 2, False, 1425246643.970588)
(0, -10, 0, 316.70194798219575, 230, 0, 2, False, 1425246644.072888)
(0, -10, 0, 316.70194798219575, 230, 0, 2, False, 1425246644.175207)
(0, -10, 0, 316.70194798219575, 230, 0, 2, False, 1425246644.279354)
(0, -10, 0, 316.70194798219575, 230, 0, 2, False, 1425246644.384966)
(0, -10, 0, 316.70194798219575, 230, 0, 2, False, 1425246644.520455)
(0, -10, 0, 316.70194798219575, 230, 0, 2, False, 1425246644.62268)
(0, -10, 0, 316.70194798219575, 230, 0, 2, False, 1425246644.727548)
(0, -10, 0, 316.70194798219575, 230, 0, 2, False, 1425246644.829771)
(0, -10, 0, 316.70194798219575, 230, 0, 2, False, 1425246644.93207)
(0, -10, 0, 316.70194798219575, 230, 0, 2, False, 1425246645.034471)
(0, -10, 0, 316.70194798219575, 230, 0, 2, False, 1425246645.140164)
(0, -10, 0, 316.70194798219575, 230, 0, 2, False, 1425246645.242566)
(0, -10, 0, 316.70194798219575, 230, 0, 2, False, 1425246645.347104)
