(0, -10, 0, 199.5588235294118, 230, 0, 2, True, 1425242904.610091)
(0, -10, 0, 199.5588235294118, 230, 0, 2, True, 1425242904.716388)
(0, -10, 0, 199.5588235294118, 230, 0, 2, True, 1425242904.818487)
(0, -10, 0, 199.5588235294118, 230, 0, 2, True, 1425242904.92047)
(0, -10, 0, 199.5588235294118, 230, 0, 2, True, 1425242905.026466)
(0, -10, 0, 199.5588235294118, 230, 0, 2, True, 1425242905.132483)
(0, -10, 0, 199.5588235294118, 230, 0, 2, True, 1425242905.235581)
(0, -10, 0, 199.5588235294118, 230, 0, 2, True, 1425242905.344091)
(0, -10, 0, 199.5588235294118, 230, 0, 2, True, 1425242905.446367)
(0, -10, 0, 199.5588235294118, 230, 0, 2, True, 1425242905.550902)
(0, -10, 0, 199.1911764705883, 230, 0, 2, True, 1425242911.210736)
(0, -10, 0, 199.1911764705883, 230, 0, 2, True, 1425242911.315808)
(0, -10, 0, 199.1911764705883, 230, 0, 2, True, 1425242911.418076)
(0, -10, 0, 199.1911764705883, 230, 0, 2, True, 1425242911.519997)
(0, -10, 0, 199.1911764705883, 230, 0, 2, True, 1425242911.62172)
(0, -10, 0, 199.1911764705883, 230, 0, 2, True, 1425242911.726695)
(0, -10, 0, 199.1911764705883, 230, 0, 2, True, 1425242911.829336)
(0, -10, 0, 199.1911764705883, 230, 0, 2, True, 1425242911.931855)
(0, -10, 0, 199.1911764705883, 230, 0, 2, True, 1425242912.034198)
(0, -10, 0, 199.1911764705883, 230, 0, 2, True, 1425242912.136983)
(0, -10, 0, 199.25605536332185, 230, 0, 2, True, 1425242917.854412)
(0, -10, 0, 199.25605536332185, 230, 0, 2, True, 1425242917.95688)
(0, -10, 0, 199.25605536332185, 230, 0, 2, True, 1425242918.060716)
(0, -10, 0, 199.25605536332185, 230, 0, 2, True, 1425242918.163573)
(0, -10, 0, 199.25605536332185, 230, 0, 2, True, 1425242918.266639)
(0, -10, 0, 199.25605536332185, 230, 0, 2, True, 1425242918.372247)
(0, -10, 0, 199.25605536332185, 230, 0, 2, True, 1425242918.474079)
(0, -10, 0, 199.25605536332185, 230, 0, 2, True, 1425242918.576039)
(0, -10, 0, 199.25605536332185, 230, 0, 2, True, 1425242918.678309)
(0, -10, 0, 199.25605536332185, 230, 0, 2, True, 1425242918.779892)
(0, -10, 0, 199.1911764705883, 230, 0, 2, True, 1425242924.529174)
(0, -10, 0, 199.1911764705883, 230, 0, 2, True, 1425242924.632887)
(0, -10, 0, 199.1911764705883, 230, 0, 2, True, 1425242924.73495)
(0, -10, 0, 199.1911764705883, 230, 0, 2, True, 1425242924.839401)
(0, -10, 0, 199.1911764705883, 230, 0, 2, True, 1425242924.943138)
(0, -10, 0, 199.1911764705883, 230, 0, 2, True, 1425242925.046755)
(0, -10, 0, 199.1911764705883, 230, 0, 2, True, 1425242925.149659)
(0, -10, 0, 199.1911764705883, 230, 0, 2, True, 1425242925.253538)
(0, -10, 0, 199.1911764705883, 230, 0, 2, True, 1425242925.355392)
(0, -10, 0, 199.1911764705883, 230, 0, 2, True, 1425242925.462524)
(0, -10, 0, 199.1911764705883, 230, 0, 2, True, 1425242931.189034)
(0, -10, 0, 199.1911764705883, 230, 0, 2, True, 1425242931.290871)
(0, -10, 0, 199.1911764705883, 230, 0, 2, True, 1425242931.392555)
(0, -10, 0, 199.1911764705883, 230, 0, 2, True, 1425242931.495184)
(0, -10, 0, 199.1911764705883, 230, 0, 2, True, 1425242931.600157)
(0, -10, 0, 199.1911764705883, 230, 0, 2, True, 1425242931.705514)
(0, -10, 0, 199.1911764705883, 230, 0, 2, True, 1425242931.808514)
(0, -10, 0, 199.1911764705883, 230, 0, 2, True, 1425242931.91115)
(0, -10, 0, 199.1911764705883, 230, 0, 2, True, 1425242932.012875)
(0, -10, 0, 199.1911764705883, 230, 0, 2, True, 1425242932.114962)
(0, -10, 0, 296.50313404050144, 230, 0, 2, True, 1425242938.07466)
(0, -10, 0, 296.50313404050144, 230, 0, 2, True, 1425242938.178722)
(0, -10, 0, 296.50313404050144, 230, 0, 2, True, 1425242938.28296)
(0, -10, 0, 296.50313404050144, 230, 0, 2, True, 1425242938.385034)
(0, -10, 0, 296.50313404050144, 230, 0, 2, True, 1425242938.487218)
(0, -10, 0, 296.50313404050144, 230, 0, 2, True, 1425242938.594152)
(0, -10, 0, 296.50313404050144, 230, 0, 2, True, 1425242938.69657)
(0, -10, 0, 296.50313404050144, 230, 0, 2, True, 1425242938.798912)
(0, -10, 0, 296.50313404050144, 230, 0, 2, True, 1425242938.901885)
(0, -10, 0, 296.50313404050144, 230, 0, 2, True, 1425242939.004187)
(0, -10, 0, 284.66911764705884, 230, 0, 2, True, 1425242945.090566)
(0, -10, 0, 284.66911764705884, 230, 0, 2, True, 1425242945.193568)
(0, -10, 0, 284.66911764705884, 230, 0, 2, True, 1425242945.300281)
(0, -10, 0, 284.66911764705884, 230, 0, 2, True, 1425242945.4033)
(0, -10, 0, 284.66911764705884, 230, 0, 2, True, 1425242945.505327)
(0, -10, 0, 284.66911764705884, 230, 0, 2, True, 1425242945.612895)
(0, -10, 0, 284.66911764705884, 230, 0, 2, True, 1425242945.717733)
(0, -10, 0, 284.66911764705884, 230, 0, 2, True, 1425242945.820588)
(0, -10, 0, 284.66911764705884, 230, 0, 2, True, 1425242945.925688)
(0, -10, 0, 284.66911764705884, 230, 0, 2, True, 1425242946.027399)
(0, -10, 0, 329.1911764705883, 230, 0, 2, True, 1425242952.272333)
(0, -10, 0, 329.1911764705883, 230, 0, 2, True, 1425242952.374674)
(0, -10, 0, 329.1911764705883, 230, 0, 2, True, 1425242952.476797)
(0, -10, 0, 329.1911764705883, 230, 0, 2, True, 1425242952.579844)
(0, -10, 0, 329.1911764705883, 230, 0, 2, True, 1425242952.682001)
(0, -10, 0, 329.1911764705883, 230, 0, 2, True, 1425242952.788793)
(0, -10, 0, 329.1911764705883, 230, 0, 2, True, 1425242952.896312)
(0, -10, 0, 329.1911764705883, 230, 0, 2, True, 1425242952.998438)
(0, -10, 0, 329.1911764705883, 230, 0, 2, True, 1425242953.10078)
(0, -10, 0, 329.1911764705883, 230, 0, 2, True, 1425242953.202174)
