(0, -10, 0, 316.70194798219575, 230, 0, 2, False, 1425251753.91111)
(0, -10, 0, 316.70194798219575, 230, 0, 2, False, 1425251754.01214)
(0, -10, 0, 316.70194798219575, 230, 0, 2, False, 1425251754.113037)
(0, -10, 0, 316.70194798219575, 230, 0, 2, False, 1425251754.218333)
(0, -10, 0, 316.70194798219575, 230, 0, 2, False, 1425251754.320107)
(0, -10, 0, 316.70194798219575, 230, 0, 2, False, 1425251754.422283)
(0, -10, 0, 316.70194798219575, 230, 0, 2, False, 1425251754.530126)
(0, -10, 0, 316.70194798219575, 230, 0, 2, False, 1425251754.631954)
(0, -10, 0, 316.70194798219575, 230, 0, 2, False, 1425251754.735715)
(0, -10, 0, 316.70194798219575, 230, 0, 2, False, 1425251754.841952)
(0, -10, 0, 316.70194798219575, 230, 0, 2, False, 1425251754.95716)
(0, -10, 0, 316.70194798219575, 230, 0, 2, False, 1425251755.059098)
(0, -10, 0, 316.70194798219575, 230, 0, 2, False, 1425251755.161045)
(0, -10, 0, 316.70194798219575, 230, 0, 2, False, 1425251755.262695)
