(0, -10, 0, 0, 230, 0, 2, False, 1425244453.233934)
(0, -10, 0, 0, 230, 0, 2, False, 1425244453.334972)
(0, -10, 0, 0, 230, 0, 2, False, 1425244453.436006)
(0, -10, 0, 0, 230, 0, 2, False, 1425244453.537212)
(0, -10, 0, 0, 230, 0, 2, False, 1425244453.638211)
(0, -10, 0, 0, 230, 0, 2, False, 1425244453.740118)
(0, -10, 46.6, 46.6, 230, 0, 2, False, 1425244453.842021)
(0, -10, 46.6, 46.6, 230, 0, 2, False, 1425244453.944006)
(0, -10, 46.6, 46.6, 230, 0, 2, False, 1425244454.045794)
(0, -10, 46.6, 46.6, 230, 0, 2, False, 1425244454.147863)
(0, -10, 46.6, 46.6, 230, 0, 2, False, 1425244454.252581)
(0, -10, 46.6, 46.6, 230, 0, 2, False, 1425244454.356141)
(0, -10, 46.6, 46.6, 230, 0, 2, False, 1425244454.457792)
(0, -10, 46.6, 46.6, 230, 0, 2, False, 1425244454.560278)
(0, -10, 46.6, 46.6, 230, 0, 2, False, 1425244454.662241)
(0, -10, 46.6, 46.6, 230, 0, 2, False, 1425244454.764277)
(0, -10, 46.6, 46.6, 230, 0, 2, False, 1425244454.868235)
(0, -10, 46.6, 46.6, 230, 0, 2, False, 1425244454.970232)
(0, -10, 46.6, 46.6, 230, 0, 2, False, 1425244455.0792)
(0, -10, 46.6, 46.6, 230, 0, 2, False, 1425244455.1811)
(0, -10, 46.6, 46.6, 230, 0, 2, False, 1425244455.285776)
(0, -10, 59.1, 59.1, 230, 0, 2, False, 1425244455.388016)
(0, -10, 59.1, 59.1, 230, 0, 2, False, 1425244455.490113)
(0, -10, 59.1, 59.1, 230, 0, 2, False, 1425244455.593719)
(0, -10, 59.1, 59.1, 230, 0, 2, False, 1425244455.695775)
(0, -10, 59.1, 59.1, 230, 0, 2, False, 1425244455.797897)
(0, -10, 59.1, 59.1, 230, 0, 2, False, 1425244455.90011)
(0, -10, 59.1, 59.1, 230, 0, 2, False, 1425244456.002102)
(0, -10, 59.1, 59.1, 230, 0, 2, False, 1425244456.107692)
(0, -10, 59.1, 59.1, 230, 0, 2, False, 1425244456.209627)
(0, -10, 59.1, 59.1, 230, 0, 2, False, 1425244456.317922)
(0, -10, 59.1, 59.1, 230, 0, 2, False, 1425244456.420137)
(0, -10, 59.1, 59.1, 230, 0, 2, False, 1425244456.522437)
(0, -10, 59.1, 59.1, 230, 0, 2, False, 1425244456.625054)
(0, -10, 89.4, 89.4, 230, 0, 2, False, 1425244456.727439)
(0, -10, 89.4, 89.4, 230, 0, 2, False, 1425244456.82926)
(0, -10, 89.4, 89.4, 230, 0, 2, False, 1425244456.935643)
(0, -10, 89.4, 89.4, 230, 0, 2, False, 1425244457.037881)
(0, -10, 89.4, 89.4, 230, 0, 2, False, 1425244457.139972)
(0, -10, 89.4, 89.4, 230, 0, 2, False, 1425244457.24211)
(0, -10, 89.4, 89.4, 230, 0, 2, False, 1425244457.351746)
(0, -10, 89.4, 89.4, 230, 0, 2, False, 1425244457.453908)
(0, -10, 89.4, 89.4, 230, 0, 2, False, 1425244457.555871)
(0, -10, 89.4, 89.4, 230, 0, 2, False, 1425244457.661095)
(0, -10, 89.4, 89.4, 230, 0, 2, False, 1425244457.763091)
(0, -10, 89.4, 89.4, 230, 0, 2, False, 1425244457.865288)
(0, -10, 89.4, 89.4, 230, 0, 2, False, 1425244457.969312)
(0, -10, 89.4, 89.4, 230, 0, 2, False, 1425244458.071111)
(0, -10, 89.4, 89.4, 230, 0, 2, False, 1425244458.173165)
(0, -10, 88.4, 88.4, 230, 0, 2, False, 1425244458.275576)
(0, -10, 88.4, 88.4, 230, 0, 2, False, 1425244458.383759)
(0, -10, 88.4, 88.4, 230, 0, 2, False, 1425244458.485509)
(0, -10, 88.4, 88.4, 230, 0, 2, False, 1425244458.587991)
(0, -10, 88.4, 88.4, 230, 0, 2, False, 1425244458.689941)
(0, -10, 88.4, 88.4, 230, 0, 2, False, 1425244458.791995)
(0, -10, 88.4, 88.4, 230, 0, 2, False, 1425244458.898561)
(0, -10, 88.4, 88.4, 230, 0, 2, False, 1425244459.000874)
(0, -10, 88.4, 88.4, 230, 0, 2, False, 1425244459.102829)
(0, -10, 88.4, 88.4, 230, 0, 2, False, 1425244459.20504)
(0, -10, 88.4, 88.4, 230, 0, 2, False, 1425244459.307052)
(0, -10, 88.4, 88.4, 230, 0, 2, False, 1425244459.411774)
(0, -10, 88.4, 88.4, 230, 0, 2, False, 1425244459.514055)
(0, -10, 88.4, 88.4, 230, 0, 2, False, 1425244459.616425)
(0, -10, 88.4, 88.4, 230, 0, 2, False, 1425244459.71871)
(0, -10, 88.4, 88.4, 230, 0, 2, False, 1425244459.820933)
(0, -10, 86.1, 86.1, 230, 0, 2, False, 1425244459.922775)
(0, -10, 86.1, 86.1, 230, 0, 2, False, 1425244460.025114)
(0, -10, 86.1, 86.1, 230, 0, 2, False, 1425244460.131783)
(0, -10, 86.1, 86.1, 230, 0, 2, False, 1425244460.233891)
(0, -10, 86.1, 86.1, 230, 0, 2, False, 1425244460.336072)
(0, -10, 86.1, 86.1, 230, 0, 2, False, 1425244460.440381)
(0, -10, 86.1, 86.1, 230, 0, 2, False, 1425244460.545129)
(0, -10, 82.9, 82.9, 230, 0, 2, False, 1425244460.647437)
(0, -10, 82.9, 82.9, 230, 0, 2, False, 1425244460.749476)
(0, -10, 82.9, 82.9, 230, 0, 2, False, 1425244460.853402)
(0, -10, 82.9, 82.9, 230, 0, 2, False, 1425244460.955764)
(0, -10, 82.9, 82.9, 230, 0, 2, False, 1425244461.057763)
(0, -10, 82.9, 82.9, 230, 0, 2, False, 1425244461.163253)
(0, -10, 82.9, 82.9, 230, 0, 2, False, 1425244461.265562)
(0, -10, 82.9, 82.9, 230, 0, 2, False, 1425244461.368008)
(0, -10, 82.9, 82.9, 230, 0, 2, False, 1425244461.472042)
(0, -10, 82.9, 82.9, 230, 0, 2, False, 1425244461.574006)
(0, -10, 82.9, 82.9, 230, 0, 2, False, 1425244461.676312)
(0, -10, 82.9, 82.9, 230, 0, 2, False, 1425244461.778665)
(0, -10, 82.9, 82.9, 230, 0, 2, False, 1425244461.880937)
(0, -10, 82.9, 82.9, 230, 0, 2, False, 1425244461.98292)
(0, -10, 82.9, 82.9, 230, 0, 2, False, 1425244462.084758)
(0, -10, 82.9, 82.9, 230, 0, 2, False, 1425244462.186806)
(0, -10, 70.2, 70.2, 230, 0, 2, False, 1425244462.289052)
(0, -10, 70.2, 70.2, 230, 0, 2, False, 1425244462.395504)
(0, -10, 70.2, 70.2, 230, 0, 2, False, 1425244462.500139)
(0, -10, 70.2, 70.2, 230, 0, 2, False, 1425244462.602598)
(0, -10, 70.2, 70.2, 230, 0, 2, False, 1425244462.704857)
(0, -10, 70.2, 70.2, 230, 0, 2, False, 1425244462.814629)
(0, -10, 70.2, 70.2, 230, 0, 2, False, 1425244462.916651)
(0, -10, 70.2, 70.2, 230, 0, 2, False, 1425244463.018854)
(0, -10, 70.2, 70.2, 230, 0, 2, False, 1425244463.121196)
(0, -10, 70.2, 70.2, 230, 0, 2, False, 1425244463.229597)
(0, -10, 70.2, 70.2, 230, 0, 2, False, 1425244463.332077)
(0, -10, 70.2, 70.2, 230, 0, 2, False, 1425244463.4342)
(0, -10, 70.2, 70.2, 230, 0, 2, False, 1425244463.538279)
(0, -10, 70.2, 70.2, 230, 0, 2, False, 1425244463.643681)
(0, -10, 70.2, 70.2, 230, 0, 2, False, 1425244463.745624)
(0, -10, 32.8, 32.8, 230, 0, 2, False, 1425244463.848395)
(0, -10, 32.8, 32.8, 230, 0, 2, False, 1425244463.950547)
(0, -10, 32.8, 32.8, 230, 0, 2, False, 1425244464.057271)
(0, -10, 32.8, 32.8, 230, 0, 2, False, 1425244464.158933)
(0, -10, 32.8, 32.8, 230, 0, 2, False, 1425244464.26152)
(0, -10, 32.8, 32.8, 230, 0, 2, False, 1425244464.363633)
(0, -10, 32.8, 32.8, 230, 0, 2, False, 1425244464.468853)
(0, -10, 32.8, 32.8, 230, 0, 2, False, 1425244464.572874)
(0, -10, 32.8, 32.8, 230, 0, 2, False, 1425244464.675039)
(0, -10, 32.8, 32.8, 230, 0, 2, False, 1425244464.777413)
(0, -10, 32.8, 32.8, 230, 0, 2, False, 1425244464.882845)
(0, -10, 32.8, 32.8, 230, 0, 2, False, 1425244464.984865)
(0, -10, 15.7, 15.7, 230, 0, 2, False, 1425244465.086637)
(0, -10, 15.7, 15.7, 230, 0, 2, False, 1425244465.19281)
(0, -10, 15.7, 15.7, 230, 0, 2, False, 1425244465.295046)
(0, -10, 15.7, 15.7, 230, 0, 2, False, 1425244465.397211)
(0, -10, 15.7, 15.7, 230, 0, 2, False, 1425244465.499466)
(0, -10, 15.7, 15.7, 230, 0, 2, False, 1425244465.606168)
(0, -10, 15.7, 15.7, 230, 0, 2, False, 1425244465.708019)
(0, -10, 15.7, 15.7, 230, 0, 2, False, 1425244465.810356)
(0, -10, 15.7, 15.7, 230, 0, 2, False, 1425244465.91275)
(0, -10, 15.7, 15.7, 230, 0, 2, False, 1425244466.018572)
(0, -10, 15.7, 15.7, 230, 0, 2, False, 1425244466.120573)
(0, -10, 15.7, 15.7, 230, 0, 2, False, 1425244466.228279)
(0, -10, 15.7, 15.7, 230, 0, 2, False, 1425244466.330302)
(0, -10, 15.7, 15.7, 230, 0, 2, False, 1425244466.432969)
(0, -10, 15.7, 15.7, 230, 0, 2, False, 1425244466.535072)
(0, -10, 15.7, 15.7, 230, 0, 2, False, 1425244466.63977)
(0, -10, 15.7, 15.7, 230, 0, 2, False, 1425244466.770302)
(0, -10, 56.1, 56.1, 230, 0, 2, False, 1425244466.872312)
(0, -10, 56.1, 56.1, 230, 0, 2, False, 1425244466.976594)
(0, -10, 56.1, 56.1, 230, 0, 2, False, 1425244467.078449)
(0, -10, 56.1, 56.1, 230, 0, 2, False, 1425244467.180824)
(0, -10, 56.1, 56.1, 230, 0, 2, False, 1425244467.282709)
(0, -10, 56.1, 56.1, 230, 0, 2, False, 1425244467.385636)
(0, -10, 56.1, 56.1, 230, 0, 2, False, 1425244467.487286)
(0, -10, 56.1, 56.1, 230, 0, 2, False, 1425244467.589791)
(0, -10, 56.1, 56.1, 230, 0, 2, False, 1425244467.693973)
(0, -10, 56.1, 56.1, 230, 0, 2, False, 1425244467.795974)
(0, -10, 56.1, 56.1, 230, 0, 2, False, 1425244467.901053)
(0, -10, 56.1, 56.1, 230, 0, 2, False, 1425244468.004075)
(0, -10, 56.1, 56.1, 230, 0, 2, False, 1425244468.106107)
(0, -10, 56.1, 56.1, 230, 0, 2, False, 1425244468.210168)
(0, -10, 56.1, 56.1, 230, 0, 2, False, 1425244468.31253)
(0, -10, 46.3, 46.3, 230, 0, 2, False, 1425244468.414769)
(0, -10, 46.3, 46.3, 230, 0, 2, False, 1425244468.517275)
(0, -10, 46.3, 46.3, 230, 0, 2, False, 1425244468.620232)
(0, -10, 46.3, 46.3, 230, 0, 2, False, 1425244468.724592)
(0, -10, 46.3, 46.3, 230, 0, 2, False, 1425244468.82663)
(0, -10, 46.3, 46.3, 230, 0, 2, False, 1425244468.928678)
(0, -10, 46.3, 46.3, 230, 0, 2, False, 1425244469.031894)
(0, -10, 46.3, 46.3, 230, 0, 2, False, 1425244469.133841)
(0, -10, 46.3, 46.3, 230, 0, 2, False, 1425244469.236492)
(0, -10, 46.3, 46.3, 230, 0, 2, False, 1425244469.338412)
(0, -10, 46.3, 46.3, 230, 0, 2, False, 1425244469.444402)
(0, -10, 46.3, 46.3, 230, 0, 2, False, 1425244469.546888)
(0, -10, 25.4, 25.4, 230, 0, 2, False, 1425244469.648973)
(0, -10, 25.4, 25.4, 230, 0, 2, False, 1425244469.762173)
(0, -10, 25.4, 25.4, 230, 0, 2, False, 1425244469.864076)
(0, -10, 25.4, 25.4, 230, 0, 2, False, 1425244469.966264)
(0, -10, 25.4, 25.4, 230, 0, 2, False, 1425244470.068527)
(0, -10, 25.4, 25.4, 230, 0, 2, False, 1425244470.170737)
(0, -10, 25.4, 25.4, 230, 0, 2, False, 1425244470.272998)
(0, -10, 25.4, 25.4, 230, 0, 2, False, 1425244470.375393)
(0, -10, 25.4, 25.4, 230, 0, 2, False, 1425244470.477244)
(0, -10, 25.4, 25.4, 230, 0, 2, False, 1425244470.580914)
(0, -10, 25.4, 25.4, 230, 0, 2, False, 1425244470.682556)
(0, -10, 21.4, 21.4, 230, 0, 2, False, 1425244470.78657)
(0, -10, 21.4, 21.4, 230, 0, 2, False, 1425244470.88922)
(0, -10, 21.4, 21.4, 230, 0, 2, False, 1425244470.9909)
(0, -10, 21.4, 21.4, 230, 0, 2, False, 1425244471.093898)
(0, -10, 21.4, 21.4, 230, 0, 2, False, 1425244471.19623)
(0, -10, 21.4, 21.4, 230, 0, 2, False, 1425244471.299153)
(0, -10, 21.4, 21.4, 230, 0, 2, False, 1425244471.401138)
(0, -10, 21.4, 21.4, 230, 0, 2, False, 1425244471.503134)
(0, -10, 21.4, 21.4, 230, 0, 2, False, 1425244471.605499)
(0, -10, 21.4, 21.4, 230, 0, 2, False, 1425244471.707707)
(0, -10, 21.4, 21.4, 230, 0, 2, False, 1425244471.812727)
(0, -10, 21.4, 21.4, 230, 0, 2, False, 1425244471.914557)
(0, -10, 21.4, 21.4, 230, 0, 2, False, 1425244472.016507)
(0, -10, 21.4, 21.4, 230, 0, 2, False, 1425244472.122247)
(0, -10, 21.4, 21.4, 230, 0, 2, False, 1425244472.224616)
(0, -10, 14.1, 14.1, 230, 0, 2, False, 1425244472.327246)
(0, -10, 14.1, 14.1, 230, 0, 2, False, 1425244472.429512)
(0, -10, 14.1, 14.1, 230, 0, 2, False, 1425244472.533327)
(0, -10, 14.1, 14.1, 230, 0, 2, False, 1425244472.635141)
(0, -10, 14.1, 14.1, 230, 0, 2, False, 1425244472.737215)
(0, -10, 14.1, 14.1, 230, 0, 2, False, 1425244472.84125)
(0, -10, 14.1, 14.1, 230, 0, 2, False, 1425244472.943367)
(0, -10, 14.1, 14.1, 230, 0, 2, False, 1425244473.045297)
(0, -10, 14.1, 14.1, 230, 0, 2, False, 1425244473.147598)
(0, -10, 14.1, 14.1, 230, 0, 2, False, 1425244473.249966)
(0, -10, 14.1, 14.1, 230, 0, 2, False, 1425244473.352049)
(0, -10, 14.1, 14.1, 230, 0, 2, False, 1425244473.453851)
(0, -10, 14.1, 14.1, 230, 0, 2, False, 1425244473.55587)
(0, -10, 14.1, 14.1, 230, 0, 2, False, 1425244473.658369)
(0, -10, 14.1, 14.1, 230, 0, 2, False, 1425244473.760568)
(0, -10, 14.1, 14.1, 230, 0, 2, False, 1425244473.864533)
(0, -10, 14.1, 14.1, 230, 0, 2, False, 1425244473.970172)
(0, -10, 14.1, 14.1, 230, 0, 2, False, 1425244474.07242)
(0, -10, 14.1, 14.1, 230, 0, 2, False, 1425244474.174283)
(0, -10, 14.1, 14.1, 230, 0, 2, False, 1425244474.280707)
(0, -10, 14.1, 14.1, 230, 0, 2, False, 1425244474.383174)
(0, -10, 14.1, 14.1, 230, 0, 2, False, 1425244474.485098)
(0, -10, 14.1, 14.1, 230, 0, 2, False, 1425244474.588287)
(0, -10, 14.1, 14.1, 230, 0, 2, False, 1425244474.691331)
(0, -10, 14.1, 14.1, 230, 0, 2, False, 1425244474.793704)
(0, -10, 14.1, 14.1, 230, 0, 2, False, 1425244474.897904)
(0, -10, 14.1, 14.1, 230, 0, 2, False, 1425244475.002769)
(0, -10, 14.1, 14.1, 230, 0, 2, False, 1425244475.10493)
(0, -10, 338.6, 338.6, 230, 0, 2, False, 1425244475.207957)
(0, -10, 338.6, 338.6, 230, 0, 2, False, 1425244475.310267)
(0, -10, 338.6, 338.6, 230, 0, 2, False, 1425244475.412851)
(0, -10, 338.6, 338.6, 230, 0, 2, False, 1425244475.5148)
(0, -10, 338.6, 338.6, 230, 0, 2, False, 1425244475.61723)
(0, -10, 338.6, 338.6, 230, 0, 2, False, 1425244475.719258)
(0, -10, 338.6, 338.6, 230, 0, 2, False, 1425244475.82306)
(0, -10, 338.6, 338.6, 230, 0, 2, False, 1425244475.927483)
(0, -10, 338.6, 338.6, 230, 0, 2, False, 1425244476.030027)
(0, -10, 338.6, 338.6, 230, 0, 2, False, 1425244476.132137)
(0, -10, 338.6, 338.6, 230, 0, 2, False, 1425244476.234818)
(0, -10, 338.6, 338.6, 230, 0, 2, False, 1425244476.336821)
(0, -10, 338.6, 338.6, 230, 0, 2, False, 1425244476.439204)
(0, -10, 338.6, 338.6, 230, 0, 2, False, 1425244476.541462)
(0, -10, 338.6, 338.6, 230, 0, 2, False, 1425244476.648876)
(0, -10, 338.6, 338.6, 230, 0, 2, False, 1425244476.750858)
(0, -10, 338.6, 338.6, 230, 0, 2, False, 1425244476.852853)
(0, -10, 302.8, 302.8, 230, 0, 2, False, 1425244476.957382)
(0, -10, 302.8, 302.8, 230, 0, 2, False, 1425244477.060874)
(0, -10, 302.8, 302.8, 230, 0, 2, False, 1425244477.162703)
(0, -10, 302.8, 302.8, 230, 0, 2, False, 1425244477.26508)
(0, -10, 302.8, 302.8, 230, 0, 2, False, 1425244477.36754)
(0, -10, 302.8, 302.8, 230, 0, 2, False, 1425244477.469586)
(0, -10, 302.8, 302.8, 230, 0, 2, False, 1425244477.573179)
(0, -10, 302.8, 302.8, 230, 0, 2, False, 1425244477.674873)
(0, -10, 302.8, 302.8, 230, 0, 2, False, 1425244477.777434)
(0, -10, 302.8, 302.8, 230, 0, 2, False, 1425244477.887475)
(0, -10, 302.8, 302.8, 230, 0, 2, False, 1425244477.991504)
(0, -10, 302.8, 302.8, 230, 0, 2, False, 1425244478.094021)
(0, -10, 20.9, 20.9, 230, 0, 2, False, 1425244478.196201)
(0, -10, 20.9, 20.9, 230, 0, 2, False, 1425244478.298068)
(0, -10, 20.9, 20.9, 230, 0, 2, False, 1425244478.404789)
(0, -10, 20.9, 20.9, 230, 0, 2, False, 1425244478.506968)
(0, -10, 20.9, 20.9, 230, 0, 2, False, 1425244478.609217)
(0, -10, 20.9, 20.9, 230, 0, 2, False, 1425244478.711195)
(0, -10, 20.9, 20.9, 230, 0, 2, False, 1425244478.813157)
(0, -10, 20.9, 20.9, 230, 0, 2, False, 1425244478.91518)
(0, -10, 20.9, 20.9, 230, 0, 2, False, 1425244479.019896)
(0, -10, 20.9, 20.9, 230, 0, 2, False, 1425244479.121893)
(0, -10, 20.9, 20.9, 230, 0, 2, False, 1425244479.226628)
(0, -10, 20.9, 20.9, 230, 0, 2, False, 1425244479.328894)
(37.23343333333333, -80.42361166666667, 20.9, 20.9, 198.99999999431216, 0.24, 2, False, 1425244479.431053)
(37.23343333333333, -80.42361166666667, 20.9, 20.9, 198.99999999431216, 0.24, 2, False, 1425244479.537271)
(37.23343333333333, -80.42361166666667, 20.9, 20.9, 198.99999999431216, 0.24, 2, False, 1425244479.639322)
(37.23343333333333, -80.42361166666667, 20.9, 20.9, 198.99999999431216, 0.24, 2, False, 1425244479.741936)
(37.23343333333333, -80.42361166666667, 43.1, 43.1, 188.85873841771632, 0.3429280315536946, 2, False, 1425244479.846103)
(37.23343333333333, -80.42361166666667, 43.1, 43.1, 188.85873841771632, 0.3429280315536946, 2, False, 1425244479.951894)
(37.23343333333333, -80.42361166666667, 43.1, 43.1, 188.85873841771632, 0.3429280315536946, 2, False, 1425244480.05706)
(37.23343333333333, -80.42361166666667, 43.1, 43.1, 188.85873841771632, 0.3429280315536946, 2, False, 1425244480.159303)
(37.23343333333333, -80.42361166666667, 43.1, 43.1, 188.85873841771632, 0.3429280315536946, 2, False, 1425244480.261726)
(37.23343333333333, -80.42361166666667, 43.1, 43.1, 188.85873841771632, 0.3429280315536946, 2, False, 1425244480.366258)
(37.23343333333333, -80.42361166666667, 43.1, 43.1, 188.85873841771632, 0.3429280315536946, 2, False, 1425244480.470133)
(37.23343333333333, -80.42361166666667, 51.8, 51.8, 159.92304237363172, 0.4473282574688647, 2, False, 1425244480.572904)
(37.23343333333333, -80.42361166666667, 51.8, 51.8, 159.92304237363172, 0.4473282574688647, 2, False, 1425244480.674807)
(37.23343333333333, -80.42361166666667, 51.8, 51.8, 159.92304237363172, 0.4473282574688647, 2, False, 1425244480.778632)
(37.23343333333333, -80.42361166666667, 51.8, 51.8, 159.92304237363172, 0.4473282574688647, 2, False, 1425244480.88098)
(37.23343333333333, -80.42361166666667, 58.5, 58.5, 151.2809366565766, 0.45200405909596963, 2, False, 1425244480.983129)
(37.23343333333333, -80.42361166666667, 58.5, 58.5, 151.2809366565766, 0.45200405909596963, 2, False, 1425244481.08737)
(37.23343333333333, -80.42361166666667, 58.5, 58.5, 151.2809366565766, 0.45200405909596963, 2, False, 1425244481.191621)
(37.23343333333333, -80.42361166666667, 58.5, 58.5, 151.2809366565766, 0.45200405909596963, 2, False, 1425244481.293793)
(37.23343333333333, -80.42361166666667, 58.5, 58.5, 151.2809366565766, 0.45200405909596963, 2, False, 1425244481.399338)
(37.23343333333333, -80.42361166666667, 58.5, 58.5, 151.2809366565766, 0.45200405909596963, 2, False, 1425244481.501509)
(37.23343333333333, -80.42361166666667, 58.5, 58.5, 151.2809366565766, 0.45200405909596963, 2, False, 1425244481.603562)
(37.23343333333333, -80.42361166666667, 58.5, 58.5, 151.2809366565766, 0.45200405909596963, 2, False, 1425244481.713866)
(37.23343333333333, -80.42361166666667, 58.5, 58.5, 151.2809366565766, 0.45200405909596963, 2, False, 1425244481.821477)
(37.23343333333333, -80.42361166666667, 58.5, 58.5, 151.2809366565766, 0.45200405909596963, 2, False, 1425244481.923696)
(37.23343333333333, -80.42361166666667, 58.5, 58.5, 151.2809366565766, 0.45200405909596963, 2, False, 1425244482.026073)
(37.23343333333333, -80.42361166666667, 58.5, 58.5, 151.2809366565766, 0.45200405909596963, 2, False, 1425244482.134785)
(37.23343333333333, -80.42361166666667, 58.5, 58.5, 151.2809366565766, 0.45200405909596963, 2, False, 1425244482.237407)
(37.23343333333333, -80.42361166666667, 58.5, 58.5, 151.2809366565766, 0.45200405909596963, 2, False, 1425244482.33974)
(37.23343333333333, -80.42361166666667, 58.5, 58.5, 151.2809366565766, 0.45200405909596963, 2, False, 1425244482.441944)
(37.23343333333333, -80.42361166666667, 58.5, 58.5, 151.2809366565766, 0.45200405909596963, 2, False, 1425244482.547053)
(37.23343333333333, -80.42361166666667, 58.5, 58.5, 151.2809366565766, 0.45200405909596963, 2, False, 1425244482.649154)
(37.23343333333333, -80.42361166666667, 58.5, 58.5, 151.2809366565766, 0.45200405909596963, 2, False, 1425244482.751039)
(37.23343333333333, -80.42361166666667, 58.5, 58.5, 151.2809366565766, 0.45200405909596963, 2, False, 1425244482.853418)
(37.23343333333333, -80.42361166666667, 58.5, 58.5, 151.2809366565766, 0.45200405909596963, 2, False, 1425244482.955307)
(37.23343333333333, -80.42361166666667, 58.5, 58.5, 151.2809366565766, 0.45200405909596963, 2, False, 1425244483.057304)
(37.23343333333333, -80.42361166666667, 58.5, 58.5, 151.2809366565766, 0.45200405909596963, 2, False, 1425244483.164857)
(37.23343333333333, -80.42361166666667, 58.5, 58.5, 151.2809366565766, 0.45200405909596963, 2, False, 1425244483.266607)
(37.23343333333333, -80.42361166666667, 58.5, 58.5, 151.2809366565766, 0.45200405909596963, 2, False, 1425244483.37196)
(37.23343333333333, -80.42361166666667, 58.5, 58.5, 151.2809366565766, 0.45200405909596963, 2, False, 1425244483.474101)
(37.23343333333333, -80.42361166666667, 58.5, 58.5, 151.2809366565766, 0.45200405909596963, 2, False, 1425244483.576187)
(37.23343333333333, -80.42361166666667, 58.5, 58.5, 151.2809366565766, 0.45200405909596963, 2, False, 1425244483.67999)
(37.23343333333333, -80.42361166666667, 58.5, 58.5, 151.2809366565766, 0.45200405909596963, 2, False, 1425244483.781984)
(37.23343333333333, -80.42361166666667, 58.5, 58.5, 151.2809366565766, 0.45200405909596963, 2, False, 1425244483.883778)
(37.23343333333333, -80.42361166666667, 58.5, 58.5, 151.2809366565766, 0.45200405909596963, 2, False, 1425244483.985815)
(37.23343333333333, -80.42361166666667, 58.5, 58.5, 151.2809366565766, 0.45200405909596963, 2, False, 1425244484.087956)
(37.23343333333333, -80.42361166666667, 58.5, 58.5, 151.2809366565766, 0.45200405909596963, 2, False, 1425244484.19224)
(37.23343333333333, -80.42361166666667, 58.5, 58.5, 151.2809366565766, 0.45200405909596963, 2, False, 1425244484.294299)
(37.23343333333333, -80.42361166666667, 58.5, 58.5, 151.2809366565766, 0.45200405909596963, 2, False, 1425244484.399334)
(37.23343333333333, -80.42361166666667, 58.5, 58.5, 151.2809366565766, 0.45200405909596963, 2, False, 1425244484.502095)
(37.23343333333333, -80.42361166666667, 58.5, 58.5, 151.2809366565766, 0.45200405909596963, 2, False, 1425244484.607393)
(37.23343333333333, -80.42361166666667, 58.5, 58.5, 151.2809366565766, 0.45200405909596963, 2, False, 1425244484.709428)
(37.23343333333333, -80.42361166666667, 58.5, 58.5, 151.2809366565766, 0.45200405909596963, 2, False, 1425244484.811233)
(37.23343333333333, -80.42361166666667, 58.5, 58.5, 151.2809366565766, 0.45200405909596963, 2, False, 1425244484.913166)
(37.23343333333333, -80.42361166666667, 58.5, 58.5, 151.2809366565766, 0.45200405909596963, 2, False, 1425244485.015308)
(37.23343333333333, -80.42361166666667, 58.5, 58.5, 151.2809366565766, 0.45200405909596963, 2, False, 1425244485.117307)
(37.23343333333333, -80.42361166666667, 58.5, 58.5, 151.2809366565766, 0.45200405909596963, 2, False, 1425244485.221656)
(37.23343333333333, -80.42361166666667, 58.5, 58.5, 151.2809366565766, 0.45200405909596963, 2, False, 1425244485.32623)
(37.23343333333333, -80.42361166666667, 58.5, 58.5, 151.2809366565766, 0.45200405909596963, 2, False, 1425244485.428463)
(37.23343333333333, -80.42361166666667, 58.5, 58.5, 151.2809366565766, 0.45200405909596963, 2, False, 1425244485.533354)
(37.23343333333333, -80.42361166666667, 58.5, 58.5, 151.2809366565766, 0.45200405909596963, 2, False, 1425244485.635245)
(37.23343333333333, -80.42361166666667, 58.5, 58.5, 151.2809366565766, 0.45200405909596963, 2, False, 1425244485.737196)
(37.23343333333333, -80.42361166666667, 58.5, 58.5, 151.2809366565766, 0.45200405909596963, 2, False, 1425244485.839195)
(37.23343333333333, -80.42361166666667, 58.5, 58.5, 151.2809366565766, 0.45200405909596963, 2, False, 1425244485.941555)
(37.23343333333333, -80.42361166666667, 58.5, 58.5, 151.2809366565766, 0.45200405909596963, 2, False, 1425244486.043404)
(37.23343333333333, -80.42361166666667, 58.5, 58.5, 151.2809366565766, 0.45200405909596963, 2, False, 1425244486.145307)
(37.23343333333333, -80.42361166666667, 58.5, 58.5, 151.2809366565766, 0.45200405909596963, 2, False, 1425244486.253303)
(37.23343333333333, -80.42361166666667, 58.5, 58.5, 151.2809366565766, 0.45200405909596963, 2, False, 1425244486.355421)
(37.23343333333333, -80.42361166666667, 58.5, 58.5, 151.2809366565766, 0.45200405909596963, 2, False, 1425244486.461093)
(37.23343333333333, -80.42361166666667, 58.5, 58.5, 151.2809366565766, 0.45200405909596963, 2, False, 1425244486.562988)
(37.23343333333333, -80.42361166666667, 58.5, 58.5, 151.2809366565766, 0.45200405909596963, 2, False, 1425244486.66515)
(37.23343333333333, -80.42361166666667, 58.5, 58.5, 151.2809366565766, 0.45200405909596963, 2, False, 1425244486.778143)
(37.23343333333333, -80.42361166666667, 58.5, 58.5, 151.2809366565766, 0.45200405909596963, 2, False, 1425244486.882019)
(37.23343333333333, -80.42361166666667, 58.5, 58.5, 151.2809366565766, 0.45200405909596963, 2, False, 1425244486.984198)
(37.23343333333333, -80.42361166666667, 58.5, 58.5, 151.2809366565766, 0.45200405909596963, 2, False, 1425244487.090357)
(37.23343333333333, -80.42361166666667, 58.5, 58.5, 151.2809366565766, 0.45200405909596963, 2, False, 1425244487.192101)
(37.23343333333333, -80.42361166666667, 58.5, 58.5, 151.2809366565766, 0.45200405909596963, 2, False, 1425244487.296656)
(37.23343333333333, -80.42361166666667, 58.5, 58.5, 151.2809366565766, 0.45200405909596963, 2, False, 1425244487.401154)
(37.23343333333333, -80.42361166666667, 58.5, 58.5, 151.2809366565766, 0.45200405909596963, 2, False, 1425244487.502927)
(37.23343333333333, -80.42361166666667, 58.5, 58.5, 151.2809366565766, 0.45200405909596963, 2, False, 1425244487.604977)
(37.23343333333333, -80.42361166666667, 58.5, 58.5, 151.2809366565766, 0.45200405909596963, 2, False, 1425244487.707093)
(37.23343333333333, -80.42361166666667, 58.5, 58.5, 151.2809366565766, 0.45200405909596963, 2, False, 1425244487.809155)
(37.23343333333333, -80.42361166666667, 58.5, 58.5, 151.2809366565766, 0.45200405909596963, 2, False, 1425244487.911382)
(37.23343333333333, -80.42361166666667, 58.5, 58.5, 151.2809366565766, 0.45200405909596963, 2, False, 1425244488.013639)
(37.23343333333333, -80.42361166666667, 58.5, 58.5, 151.2809366565766, 0.45200405909596963, 2, False, 1425244488.119187)
(37.23343333333333, -80.42361166666667, 58.5, 58.5, 151.2809366565766, 0.45200405909596963, 2, False, 1425244488.221215)
(37.23343333333333, -80.42361166666667, 58.5, 58.5, 151.2809366565766, 0.45200405909596963, 2, False, 1425244488.330419)
(37.23343333333333, -80.42361166666667, 58.5, 58.5, 151.2809366565766, 0.45200405909596963, 2, False, 1425244488.432235)
(37.23343333333333, -80.42361166666667, 58.5, 58.5, 151.2809366565766, 0.45200405909596963, 2, False, 1425244488.534202)
(37.23343333333333, -80.42361166666667, 58.5, 58.5, 151.2809366565766, 0.45200405909596963, 2, False, 1425244488.636075)
(37.23343333333333, -80.42361166666667, 58.5, 58.5, 151.2809366565766, 0.45200405909596963, 2, False, 1425244488.738386)
(37.23343333333333, -80.42361166666667, 58.5, 58.5, 151.2809366565766, 0.45200405909596963, 2, False, 1425244488.840348)
(37.23343333333333, -80.42361166666667, 58.5, 58.5, 151.2809366565766, 0.45200405909596963, 2, False, 1425244488.944614)
(37.23343333333333, -80.42361166666667, 58.5, 58.5, 151.2809366565766, 0.45200405909596963, 2, False, 1425244489.046887)
(37.23343333333333, -80.42361166666667, 58.5, 58.5, 151.2809366565766, 0.45200405909596963, 2, False, 1425244489.14889)
(37.23343333333333, -80.42361166666667, 58.5, 58.5, 151.2809366565766, 0.45200405909596963, 2, False, 1425244489.250656)
(37.23343333333333, -80.42361166666667, 58.5, 58.5, 151.2809366565766, 0.45200405909596963, 2, False, 1425244489.354829)
(37.23343333333333, -80.42361166666667, 58.5, 58.5, 151.2809366565766, 0.45200405909596963, 2, False, 1425244489.457081)
(37.23343333333333, -80.42361166666667, 58.5, 58.5, 151.2809366565766, 0.45200405909596963, 2, False, 1425244489.559004)
(37.23343333333333, -80.42361166666667, 58.5, 58.5, 151.2809366565766, 0.45200405909596963, 2, False, 1425244489.661018)
(37.23343333333333, -80.42361166666667, 58.5, 58.5, 151.2809366565766, 0.45200405909596963, 2, False, 1425244489.76309)
(37.23343333333333, -80.42361166666667, 58.5, 58.5, 151.2809366565766, 0.45200405909596963, 2, False, 1425244489.865407)
(37.23343333333333, -80.42361166666667, 58.5, 58.5, 151.2809366565766, 0.45200405909596963, 2, False, 1425244489.967396)
(37.23343333333333, -80.42361166666667, 58.5, 58.5, 151.2809366565766, 0.45200405909596963, 2, False, 1425244490.06981)
(37.23343333333333, -80.42361166666667, 58.5, 58.5, 151.2809366565766, 0.45200405909596963, 2, False, 1425244490.171872)
(37.23343333333333, -80.42361166666667, 58.5, 58.5, 151.2809366565766, 0.45200405909596963, 2, False, 1425244490.274082)
(37.23343333333333, -80.42361166666667, 58.5, 58.5, 151.2809366565766, 0.45200405909596963, 2, False, 1425244490.382746)
(37.23343333333333, -80.42361166666667, 58.5, 58.5, 151.2809366565766, 0.45200405909596963, 2, False, 1425244490.484803)
(37.23343333333333, -80.42361166666667, 58.5, 58.5, 151.2809366565766, 0.45200405909596963, 2, False, 1425244490.588974)
(37.23343333333333, -80.42361166666667, 58.5, 58.5, 151.2809366565766, 0.45200405909596963, 2, False, 1425244490.690962)
(37.23343333333333, -80.42361166666667, 58.5, 58.5, 151.2809366565766, 0.45200405909596963, 2, False, 1425244490.793275)
(37.23343333333333, -80.42361166666667, 58.5, 58.5, 151.2809366565766, 0.45200405909596963, 2, False, 1425244490.895813)
(37.23343333333333, -80.42361166666667, 58.5, 58.5, 151.2809366565766, 0.45200405909596963, 2, False, 1425244490.99842)
(37.23343333333333, -80.42361166666667, 58.5, 58.5, 151.2809366565766, 0.45200405909596963, 2, False, 1425244491.100348)
(37.23343333333333, -80.42361166666667, 58.5, 58.5, 151.2809366565766, 0.45200405909596963, 2, False, 1425244491.202666)
(37.23343333333333, -80.42361166666667, 58.5, 58.5, 151.2809366565766, 0.45200405909596963, 2, False, 1425244491.304991)
(37.23343333333333, -80.42361166666667, 58.5, 58.5, 151.2809366565766, 0.45200405909596963, 2, False, 1425244491.410131)
(37.23343333333333, -80.42361166666667, 58.5, 58.5, 151.2809366565766, 0.45200405909596963, 2, False, 1425244491.512181)
(37.23343333333333, -80.42361166666667, 58.5, 58.5, 151.2809366565766, 0.45200405909596963, 2, False, 1425244491.614219)
(37.23343333333333, -80.42361166666667, 58.5, 58.5, 151.2809366565766, 0.45200405909596963, 2, False, 1425244491.716784)
(37.23343333333333, -80.42361166666667, 58.5, 58.5, 151.2809366565766, 0.45200405909596963, 2, False, 1425244491.819477)
(37.23343333333333, -80.42361166666667, 58.5, 58.5, 151.2809366565766, 0.45200405909596963, 2, False, 1425244491.925954)
(37.23343333333333, -80.42361166666667, 58.5, 58.5, 151.2809366565766, 0.45200405909596963, 2, False, 1425244492.035708)
(37.23343333333333, -80.42361166666667, 58.5, 58.5, 151.2809366565766, 0.45200405909596963, 2, False, 1425244492.137643)
(37.23343333333333, -80.42361166666667, 58.5, 58.5, 151.2809366565766, 0.45200405909596963, 2, False, 1425244492.240091)
(37.23343333333333, -80.42361166666667, 58.5, 58.5, 151.2809366565766, 0.45200405909596963, 2, False, 1425244492.342283)
(37.23343333333333, -80.42361166666667, 58.5, 58.5, 151.2809366565766, 0.45200405909596963, 2, False, 1425244492.446605)
(37.23343333333333, -80.42361166666667, 58.5, 58.5, 151.2809366565766, 0.45200405909596963, 2, False, 1425244492.551408)
(37.23343333333333, -80.42361166666667, 58.5, 58.5, 151.2809366565766, 0.45200405909596963, 2, False, 1425244492.653775)
(37.23343333333333, -80.42361166666667, 58.5, 58.5, 151.2809366565766, 0.45200405909596963, 2, False, 1425244492.756155)
(37.23343333333333, -80.42361166666667, 58.5, 58.5, 151.2809366565766, 0.45200405909596963, 2, False, 1425244492.858386)
(37.23343333333333, -80.42361166666667, 58.5, 58.5, 151.2809366565766, 0.45200405909596963, 2, False, 1425244492.960402)
(37.23343333333333, -80.42361166666667, 58.5, 58.5, 151.2809366565766, 0.45200405909596963, 2, False, 1425244493.062692)
(37.23343333333333, -80.42361166666667, 58.5, 58.5, 151.2809366565766, 0.45200405909596963, 2, False, 1425244493.164937)
(37.23343333333333, -80.42361166666667, 58.5, 58.5, 151.2809366565766, 0.45200405909596963, 2, False, 1425244493.26713)
(37.23343333333333, -80.42361166666667, 58.5, 58.5, 151.2809366565766, 0.45200405909596963, 2, False, 1425244493.369695)
(37.23343333333333, -80.42361166666667, 58.5, 58.5, 151.2809366565766, 0.45200405909596963, 2, False, 1425244493.474069)
(37.23343333333333, -80.42361166666667, 58.5, 58.5, 151.2809366565766, 0.45200405909596963, 2, False, 1425244493.57613)
(37.23343333333333, -80.42361166666667, 58.5, 58.5, 151.2809366565766, 0.45200405909596963, 2, False, 1425244493.682275)
(37.23343333333333, -80.42361166666667, 58.5, 58.5, 151.2809366565766, 0.45200405909596963, 2, False, 1425244493.785244)
(37.23343333333333, -80.42361166666667, 58.5, 58.5, 151.2809366565766, 0.45200405909596963, 2, False, 1425244493.887422)
(37.23343333333333, -80.42361166666667, 58.5, 58.5, 151.2809366565766, 0.45200405909596963, 2, False, 1425244493.98957)
(37.23343333333333, -80.42361166666667, 58.5, 58.5, 151.2809366565766, 0.45200405909596963, 2, False, 1425244494.091715)
(37.23343333333333, -80.42361166666667, 58.5, 58.5, 151.2809366565766, 0.45200405909596963, 2, False, 1425244494.193846)
(37.23343333333333, -80.42361166666667, 58.5, 58.5, 151.2809366565766, 0.45200405909596963, 2, False, 1425244494.295641)
(37.23343333333333, -80.42361166666667, 58.5, 58.5, 151.2809366565766, 0.45200405909596963, 2, False, 1425244494.397663)
(37.23343333333333, -80.42361166666667, 58.5, 58.5, 151.2809366565766, 0.45200405909596963, 2, False, 1425244494.502309)
(37.23343333333333, -80.42361166666667, 58.5, 58.5, 151.2809366565766, 0.45200405909596963, 2, False, 1425244494.604227)
(37.23343333333333, -80.42361166666667, 58.5, 58.5, 151.2809366565766, 0.45200405909596963, 2, False, 1425244494.707937)
(37.23343333333333, -80.42361166666667, 58.5, 58.5, 151.2809366565766, 0.45200405909596963, 2, False, 1425244494.810448)
(37.23343333333333, -80.42361166666667, 58.5, 58.5, 151.2809366565766, 0.45200405909596963, 2, False, 1425244494.913598)
(37.23343333333333, -80.42361166666667, 58.5, 58.5, 151.2809366565766, 0.45200405909596963, 2, False, 1425244495.015952)
(37.23343333333333, -80.42361166666667, 58.5, 58.5, 151.2809366565766, 0.45200405909596963, 2, False, 1425244495.117939)
(37.23343333333333, -80.42361166666667, 58.5, 58.5, 151.2809366565766, 0.45200405909596963, 2, False, 1425244495.223484)
(37.23343333333333, -80.42361166666667, 58.5, 58.5, 151.2809366565766, 0.45200405909596963, 2, False, 1425244495.326334)
(37.23343333333333, -80.42361166666667, 58.5, 58.5, 151.2809366565766, 0.45200405909596963, 2, False, 1425244495.428409)
(37.23343333333333, -80.42361166666667, 58.5, 58.5, 151.2809366565766, 0.45200405909596963, 2, False, 1425244495.533416)
(37.23343333333333, -80.42361166666667, 58.5, 58.5, 151.2809366565766, 0.45200405909596963, 2, False, 1425244495.641468)
(37.23343333333333, -80.42361166666667, 58.5, 58.5, 151.2809366565766, 0.45200405909596963, 2, False, 1425244495.744087)
(37.23343333333333, -80.42361166666667, 58.5, 58.5, 151.2809366565766, 0.45200405909596963, 2, False, 1425244495.846336)
(37.23343333333333, -80.42361166666667, 58.5, 58.5, 151.2809366565766, 0.45200405909596963, 2, False, 1425244495.94819)
(37.23343333333333, -80.42361166666667, 58.5, 58.5, 151.2809366565766, 0.45200405909596963, 2, False, 1425244496.050629)
