(0, -10, 75.3, 47.820833333333326, 230, 0, 2, True, 1425245382.700454)
(0, -10, 75.3, 47.820833333333326, 230, 0, 2, True, 1425245382.802833)
(0, -10, 75.3, 47.820833333333326, 230, 0, 2, True, 1425245382.904821)
(0, -10, 75.3, 47.820833333333326, 230, 0, 2, True, 1425245383.012061)
(0, -10, 75.3, 47.820833333333326, 230, 0, 2, True, 1425245383.114696)
(0, -10, 75.3, 47.820833333333326, 230, 0, 2, True, 1425245383.217446)
(0, -10, 75.3, 47.820833333333326, 230, 0, 2, True, 1425245383.318903)
(0, -10, 75.3, 47.820833333333326, 230, 0, 2, True, 1425245383.423149)
(0, -10, 75.3, 47.820833333333326, 230, 0, 2, True, 1425245383.525718)
(0, -10, 75.3, 47.820833333333326, 230, 0, 2, True, 1425245383.627753)
(0, -10, 75.3, 51.804850597969434, 230, 0, 2, False, 1425245404.241699)
(0, -10, 75.3, 51.804850597969434, 230, 0, 2, False, 1425245404.344091)
(0, -10, 75.3, 51.804850597969434, 230, 0, 2, False, 1425245404.445801)
(0, -10, 75.3, 51.804850597969434, 230, 0, 2, False, 1425245404.547445)
(0, -10, 75.3, 51.804850597969434, 230, 0, 2, False, 1425245404.651559)
(0, -10, 75.3, 51.804850597969434, 230, 0, 2, False, 1425245404.75419)
