(0, -10, 75.4, 140.07592592592593, 230, 0, 2, True, 1425246119.183196)
(0, -10, 75.4, 140.07592592592593, 230, 0, 2, True, 1425246119.285627)
(0, -10, 75.4, 140.07592592592593, 230, 0, 2, True, 1425246119.3872)
(0, -10, 75.4, 140.07592592592593, 230, 0, 2, True, 1425246119.492708)
(0, -10, 75.4, 140.07592592592593, 230, 0, 2, True, 1425246119.596351)
(0, -10, 75.4, 140.07592592592593, 230, 0, 2, True, 1425246119.699938)
(0, -10, 75.4, 140.07592592592593, 230, 0, 2, True, 1425246119.80367)
(0, -10, 75.4, 140.07592592592593, 230, 0, 2, True, 1425246119.907881)
(0, -10, 75.4, 140.07592592592593, 230, 0, 2, True, 1425246120.009825)
(0, -10, 75.4, 140.07592592592593, 230, 0, 2, True, 1425246120.114012)
(0, -10, 75.4, 116.025, 230, 0, 2, True, 1425246130.466372)
(0, -10, 75.4, 116.025, 230, 0, 2, True, 1425246130.567846)
(0, -10, 75.4, 116.025, 230, 0, 2, True, 1425246130.671338)
(0, -10, 75.4, 116.025, 230, 0, 2, True, 1425246130.773333)
(0, -10, 75.4, 116.025, 230, 0, 2, True, 1425246130.875338)
(0, -10, 75.4, 116.025, 230, 0, 2, True, 1425246130.980524)
(0, -10, 75.4, 116.025, 230, 0, 2, True, 1425246131.082611)
(0, -10, 75.4, 116.025, 230, 0, 2, True, 1425246131.184384)
(0, -10, 75.4, 116.025, 230, 0, 2, True, 1425246131.290606)
(0, -10, 75.4, 116.025, 230, 0, 2, True, 1425246131.391997)
(0, -10, 75.3, 70.06470588235294, 230, 0, 2, True, 1425246141.460235)
(0, -10, 75.3, 70.06470588235294, 230, 0, 2, True, 1425246141.561771)
(0, -10, 75.3, 70.06470588235294, 230, 0, 2, True, 1425246141.663729)
(0, -10, 75.3, 70.06470588235294, 230, 0, 2, True, 1425246141.766008)
(0, -10, 75.3, 70.06470588235294, 230, 0, 2, True, 1425246141.867763)
(0, -10, 75.3, 70.06470588235294, 230, 0, 2, True, 1425246141.975289)
(0, -10, 75.3, 70.06470588235294, 230, 0, 2, True, 1425246142.078861)
(0, -10, 75.3, 70.06470588235294, 230, 0, 2, True, 1425246142.180708)
(0, -10, 75.3, 70.06470588235294, 230, 0, 2, True, 1425246142.282373)
(0, -10, 75.3, 70.06470588235294, 230, 0, 2, True, 1425246142.384575)
(0, -10, 75.3, 67.8, 230, 0, 2, True, 1425246152.496882)
(0, -10, 75.3, 67.8, 230, 0, 2, True, 1425246152.602253)
(0, -10, 75.3, 67.8, 230, 0, 2, True, 1425246152.70426)
(0, -10, 75.3, 67.8, 230, 0, 2, True, 1425246152.80571)
(0, -10, 75.3, 67.8, 230, 0, 2, True, 1425246152.907437)
(0, -10, 75.3, 67.8, 230, 0, 2, False, 1425246153.012086)
(0, -10, 75.3, 67.8, 230, 0, 2, False, 1425246153.113925)
(0, -10, 75.3, 67.8, 230, 0, 2, False, 1425246153.216778)
(0, -10, 75.3, 67.8, 230, 0, 2, False, 1425246153.319041)
(0, -10, 75.3, 67.8, 230, 0, 2, False, 1425246153.421106)
(0, -10, 75.3, 147.0741935483871, 230, 0, 2, True, 1425246163.729874)
(0, -10, 75.3, 147.0741935483871, 230, 0, 2, True, 1425246163.832111)
(0, -10, 75.3, 147.0741935483871, 230, 0, 2, True, 1425246163.934098)
(0, -10, 75.3, 147.0741935483871, 230, 0, 2, True, 1425246164.035878)
(0, -10, 75.3, 147.0741935483871, 230, 0, 2, True, 1425246164.144237)
(0, -10, 75.3, 147.0741935483871, 230, 0, 2, True, 1425246164.250225)
(0, -10, 75.3, 147.0741935483871, 230, 0, 2, True, 1425246164.35231)
(0, -10, 75.3, 147.0741935483871, 230, 0, 2, True, 1425246164.454503)
(0, -10, 75.3, 147.0741935483871, 230, 0, 2, True, 1425246164.557013)
(0, -10, 75.3, 147.0741935483871, 230, 0, 2, True, 1425246164.658705)
