(0, -10, 0, 316.70194798219575, 230, 0, 2, False, 1425246534.713476)
(0, -10, 0, 316.70194798219575, 230, 0, 2, False, 1425246534.830857)
(0, -10, 0, 316.70194798219575, 230, 0, 2, False, 1425246534.932691)
(0, -10, 0, 316.70194798219575, 230, 0, 2, False, 1425246535.034712)
(0, -10, 0, 316.70194798219575, 230, 0, 2, False, 1425246535.140035)
(0, -10, 0, 316.70194798219575, 230, 0, 2, False, 1425246535.242511)
(0, -10, 0, 316.70194798219575, 230, 0, 2, False, 1425246535.345471)
(0, -10, 0, 316.70194798219575, 230, 0, 2, False, 1425246535.451584)
(0, -10, 0, 316.70194798219575, 230, 0, 2, False, 1425246535.556083)
(0, -10, 0, 316.70194798219575, 230, 0, 2, False, 1425246535.661004)
(0, -10, 0, 316.70194798219575, 230, 0, 2, False, 1425246535.77543)
(0, -10, 0, 316.70194798219575, 230, 0, 2, False, 1425246535.938668)
(0, -10, 0, 316.70194798219575, 230, 0, 2, False, 1425246536.044014)
(0, -10, 0, 316.70194798219575, 230, 0, 2, False, 1425246536.14827)
(0, -10, 0, 316.70194798219575, 230, 0, 2, False, 1425246536.252902)
(0, -10, 0, 316.70194798219575, 230, 0, 2, False, 1425246536.356972)
(0, -10, 0, 316.70194798219575, 230, 0, 2, False, 1425246536.464766)
(0, -10, 0, 316.70194798219575, 230, 0, 2, False, 1425246536.569525)
(0, -10, 0, 316.70194798219575, 230, 0, 2, False, 1425246536.674661)
(0, -10, 0, 316.70194798219575, 230, 0, 2, False, 1425246536.778831)
(0, -10, 0, 316.70194798219575, 230, 0, 2, False, 1425246536.886469)
(0, -10, 0, 316.70194798219575, 230, 0, 2, False, 1425246537.005379)
(0, -10, 0, 316.70194798219575, 230, 0, 2, False, 1425246537.112609)
(0, -10, 0, 316.70194798219575, 230, 0, 2, False, 1425246537.216809)
(0, -10, 0, 316.70194798219575, 230, 0, 2, False, 1425246537.322412)
(0, -10, 0, 316.70194798219575, 230, 0, 2, False, 1425246537.426894)
(0, -10, 0, 316.70194798219575, 230, 0, 2, False, 1425246537.530995)
(0, -10, 0, 316.70194798219575, 230, 0, 2, False, 1425246537.635521)
(0, -10, 0, 316.70194798219575, 230, 0, 2, False, 1425246537.741471)
(0, -10, 0, 316.70194798219575, 230, 0, 2, False, 1425246537.84591)
(0, -10, 0, 316.70194798219575, 230, 0, 2, False, 1425246537.953565)
(0, -10, 0, 316.70194798219575, 230, 0, 2, False, 1425246538.083397)
(0, -10, 0, 316.70194798219575, 230, 0, 2, False, 1425246538.189041)
(0, -10, 0, 316.70194798219575, 230, 0, 2, False, 1425246538.293619)
(0, -10, 0, 316.70194798219575, 230, 0, 2, False, 1425246538.39777)
(0, -10, 0, 316.70194798219575, 230, 0, 2, False, 1425246538.501896)
(0, -10, 0, 316.70194798219575, 230, 0, 2, False, 1425246538.608611)
(0, -10, 0, 316.70194798219575, 230, 0, 2, False, 1425246538.712489)
(0, -10, 0, 316.70194798219575, 230, 0, 2, False, 1425246538.817321)
(0, -10, 0, 316.70194798219575, 230, 0, 2, False, 1425246538.921394)
(0, -10, 0, 316.70194798219575, 230, 0, 2, False, 1425246539.028497)
(0, -10, 0, 316.70194798219575, 230, 0, 2, False, 1425246539.146678)
(0, -10, 0, 316.70194798219575, 230, 0, 2, False, 1425246539.253127)
(0, -10, 0, 316.70194798219575, 230, 0, 2, False, 1425246539.357296)
(0, -10, 0, 316.70194798219575, 230, 0, 2, False, 1425246539.462697)
(0, -10, 0, 316.70194798219575, 230, 0, 2, False, 1425246539.567394)
(0, -10, 0, 316.70194798219575, 230, 0, 2, False, 1425246539.671569)
(0, -10, 0, 316.70194798219575, 230, 0, 2, False, 1425246539.775831)
(0, -10, 0, 316.70194798219575, 230, 0, 2, False, 1425246539.882249)
(0, -10, 0, 316.70194798219575, 230, 0, 2, False, 1425246539.986652)
(0, -10, 0, 316.70194798219575, 230, 0, 2, False, 1425246540.0952)
(0, -10, 0, 316.70194798219575, 230, 0, 2, False, 1425246540.223985)
(0, -10, 0, 316.70194798219575, 230, 0, 2, False, 1425246540.327953)
(0, -10, 0, 316.70194798219575, 230, 0, 2, False, 1425246540.433151)
(0, -10, 0, 316.70194798219575, 230, 0, 2, False, 1425246540.537567)
(0, -10, 0, 316.70194798219575, 230, 0, 2, False, 1425246540.642089)
(0, -10, 0, 316.70194798219575, 230, 0, 2, False, 1425246540.746825)
(0, -10, 0, 316.70194798219575, 230, 0, 2, False, 1425246540.85718)
(0, -10, 0, 316.70194798219575, 230, 0, 2, False, 1425246540.962199)
(0, -10, 0, 316.70194798219575, 230, 0, 2, False, 1425246541.069563)
(0, -10, 0, 316.70194798219575, 230, 0, 2, False, 1425246541.177895)
(0, -10, 0, 316.70194798219575, 230, 0, 2, False, 1425246541.31195)
(0, -10, 0, 316.70194798219575, 230, 0, 2, False, 1425246541.416791)
(0, -10, 0, 316.70194798219575, 230, 0, 2, False, 1425246541.52103)
(0, -10, 0, 316.70194798219575, 230, 0, 2, False, 1425246541.625448)
(0, -10, 0, 316.70194798219575, 230, 0, 2, False, 1425246541.72988)
(0, -10, 0, 316.70194798219575, 230, 0, 2, False, 1425246541.836428)
(0, -10, 0, 316.70194798219575, 230, 0, 2, False, 1425246541.940807)
(0, -10, 0, 316.70194798219575, 230, 0, 2, False, 1425246542.045793)
(0, -10, 0, 316.70194798219575, 230, 0, 2, False, 1425246542.149921)
(0, -10, 0, 316.70194798219575, 230, 0, 2, False, 1425246542.257596)
(0, -10, 0, 316.70194798219575, 230, 0, 2, False, 1425246542.378712)
(0, -10, 0, 316.70194798219575, 230, 0, 2, False, 1425246542.487078)
(0, -10, 0, 316.70194798219575, 230, 0, 2, False, 1425246542.591248)
(0, -10, 0, 316.70194798219575, 230, 0, 2, False, 1425246542.696517)
(0, -10, 0, 316.70194798219575, 230, 0, 2, False, 1425246542.800751)
(0, -10, 0, 316.70194798219575, 230, 0, 2, False, 1425246542.905392)
(0, -10, 0, 316.70194798219575, 230, 0, 2, False, 1425246543.01831)
(0, -10, 0, 316.70194798219575, 230, 0, 2, False, 1425246543.122478)
(0, -10, 0, 316.70194798219575, 230, 0, 2, False, 1425246543.226765)
(0, -10, 0, 316.70194798219575, 230, 0, 2, False, 1425246543.336547)
(0, -10, 0, 316.70194798219575, 230, 0, 2, False, 1425246543.46087)
(0, -10, 0, 316.70194798219575, 230, 0, 2, False, 1425246543.565143)
(0, -10, 0, 316.70194798219575, 230, 0, 2, False, 1425246543.671028)
(0, -10, 0, 316.70194798219575, 230, 0, 2, False, 1425246543.775224)
(0, -10, 0, 316.70194798219575, 230, 0, 2, False, 1425246543.880759)
(0, -10, 0, 316.70194798219575, 230, 0, 2, False, 1425246543.988708)
(0, -10, 0, 316.70194798219575, 230, 0, 2, False, 1425246544.093236)
(0, -10, 0, 316.70194798219575, 230, 0, 2, False, 1425246544.198189)
(0, -10, 0, 316.70194798219575, 230, 0, 2, False, 1425246544.302313)
(0, -10, 0, 316.70194798219575, 230, 0, 2, False, 1425246544.409866)
(0, -10, 0, 316.70194798219575, 230, 0, 2, False, 1425246544.528985)
(0, -10, 0, 316.70194798219575, 230, 0, 2, False, 1425246544.63637)
(0, -10, 0, 316.70194798219575, 230, 0, 2, False, 1425246544.740983)
(0, -10, 0, 316.70194798219575, 230, 0, 2, False, 1425246544.845474)
(0, -10, 0, 316.70194798219575, 230, 0, 2, False, 1425246544.949991)
(0, -10, 0, 316.70194798219575, 230, 0, 2, False, 1425246545.054149)
(0, -10, 0, 316.70194798219575, 230, 0, 2, False, 1425246545.158566)
(0, -10, 0, 316.70194798219575, 230, 0, 2, False, 1425246545.263284)
(0, -10, 0, 316.70194798219575, 230, 0, 2, False, 1425246545.367632)
(0, -10, 0, 316.70194798219575, 230, 0, 2, False, 1425246545.478016)
(0, -10, 0, 316.70194798219575, 230, 0, 2, False, 1425246545.607606)
(0, -10, 0, 316.70194798219575, 230, 0, 2, False, 1425246545.71266)
(0, -10, 0, 316.70194798219575, 230, 0, 2, False, 1425246545.845484)
(0, -10, 0, 316.70194798219575, 230, 0, 2, False, 1425246545.952279)
(0, -10, 0, 316.70194798219575, 230, 0, 2, False, 1425246546.056608)
(0, -10, 0, 316.70194798219575, 230, 0, 2, False, 1425246546.161123)
(0, -10, 0, 316.70194798219575, 230, 0, 2, False, 1425246546.267086)
(0, -10, 0, 316.70194798219575, 230, 0, 2, False, 1425246546.371498)
(0, -10, 0, 316.70194798219575, 230, 0, 2, False, 1425246546.476344)
(0, -10, 0, 316.70194798219575, 230, 0, 2, False, 1425246546.583963)
(0, -10, 0, 316.70194798219575, 230, 0, 2, False, 1425246546.719955)
(0, -10, 0, 316.70194798219575, 230, 0, 2, False, 1425246546.824631)
(0, -10, 0, 316.70194798219575, 230, 0, 2, False, 1425246546.929004)
(0, -10, 0, 316.70194798219575, 230, 0, 2, False, 1425246547.035118)
(0, -10, 0, 316.70194798219575, 230, 0, 2, False, 1425246547.139658)
(0, -10, 0, 316.70194798219575, 230, 0, 2, False, 1425246547.243796)
(0, -10, 0, 316.70194798219575, 230, 0, 2, False, 1425246547.348332)
(0, -10, 0, 316.70194798219575, 230, 0, 2, False, 1425246547.454572)
(0, -10, 0, 316.70194798219575, 230, 0, 2, False, 1425246547.559324)
(0, -10, 0, 316.70194798219575, 230, 0, 2, False, 1425246547.668037)
(0, -10, 0, 316.70194798219575, 230, 0, 2, False, 1425246547.797834)
(0, -10, 0, 316.70194798219575, 230, 0, 2, False, 1425246547.902022)
(0, -10, 0, 316.70194798219575, 230, 0, 2, False, 1425246548.006863)
(0, -10, 0, 316.70194798219575, 230, 0, 2, False, 1425246548.111039)
(0, -10, 0, 316.70194798219575, 230, 0, 2, False, 1425246548.215513)
(0, -10, 0, 316.70194798219575, 230, 0, 2, False, 1425246548.319707)
(0, -10, 0, 316.70194798219575, 230, 0, 2, False, 1425246548.427888)
(0, -10, 0, 316.70194798219575, 230, 0, 2, False, 1425246548.532621)
(0, -10, 0, 316.70194798219575, 230, 0, 2, False, 1425246548.637767)
(0, -10, 0, 316.70194798219575, 230, 0, 2, False, 1425246548.745309)
(0, -10, 0, 316.70194798219575, 230, 0, 2, False, 1425246548.869961)
(0, -10, 0, 316.70194798219575, 230, 0, 2, False, 1425246548.974057)
(0, -10, 0, 316.70194798219575, 230, 0, 2, False, 1425246549.081328)
(0, -10, 0, 316.70194798219575, 230, 0, 2, False, 1425246549.185577)
(0, -10, 0, 316.70194798219575, 230, 0, 2, False, 1425246549.290749)
(0, -10, 0, 316.70194798219575, 230, 0, 2, False, 1425246549.395346)
(0, -10, 0, 316.70194798219575, 230, 0, 2, False, 1425246549.499442)
(0, -10, 0, 316.70194798219575, 230, 0, 2, False, 1425246549.60336)
(0, -10, 0, 316.70194798219575, 230, 0, 2, False, 1425246549.710192)
(0, -10, 0, 316.70194798219575, 230, 0, 2, False, 1425246549.817636)
(0, -10, 0, 316.70194798219575, 230, 0, 2, False, 1425246549.935152)
(0, -10, 0, 316.70194798219575, 230, 0, 2, False, 1425246550.0419)
(0, -10, 0, 316.70194798219575, 230, 0, 2, False, 1425246550.146048)
(0, -10, 0, 316.70194798219575, 230, 0, 2, False, 1425246550.25044)
(0, -10, 0, 316.70194798219575, 230, 0, 2, False, 1425246550.354881)
(0, -10, 0, 316.70194798219575, 230, 0, 2, False, 1425246550.459241)
(0, -10, 0, 316.70194798219575, 230, 0, 2, False, 1425246550.573294)
(0, -10, 0, 316.70194798219575, 230, 0, 2, False, 1425246550.677511)
(0, -10, 0, 316.70194798219575, 230, 0, 2, False, 1425246550.795964)
(0, -10, 0, 316.70194798219575, 230, 0, 2, False, 1425246550.908587)
(0, -10, 0, 316.70194798219575, 230, 0, 2, False, 1425246551.034463)
(0, -10, 0, 316.70194798219575, 230, 0, 2, False, 1425246551.138464)
(0, -10, 0, 316.70194798219575, 230, 0, 2, False, 1425246551.245056)
(0, -10, 0, 316.70194798219575, 230, 0, 2, False, 1425246551.349196)
(0, -10, 0, 316.70194798219575, 230, 0, 2, False, 1425246551.454185)
(0, -10, 0, 316.70194798219575, 230, 0, 2, False, 1425246551.558456)
(0, -10, 0, 316.70194798219575, 230, 0, 2, False, 1425246551.662829)
(0, -10, 0, 316.70194798219575, 230, 0, 2, False, 1425246551.767078)
(0, -10, 0, 316.70194798219575, 230, 0, 2, False, 1425246551.873941)
(0, -10, 0, 316.70194798219575, 230, 0, 2, False, 1425246551.981376)
(0, -10, 0, 316.70194798219575, 230, 0, 2, False, 1425246552.102735)
(0, -10, 0, 316.70194798219575, 230, 0, 2, False, 1425246552.206862)
(0, -10, 0, 316.70194798219575, 230, 0, 2, False, 1425246552.311292)
(0, -10, 0, 316.70194798219575, 230, 0, 2, False, 1425246552.415445)
(0, -10, 0, 316.70194798219575, 230, 0, 2, False, 1425246552.522371)
(0, -10, 0, 316.70194798219575, 230, 0, 2, False, 1425246552.626488)
(0, -10, 0, 316.70194798219575, 230, 0, 2, False, 1425246552.73367)
(0, -10, 0, 316.70194798219575, 230, 0, 2, False, 1425246552.838198)
(0, -10, 0, 316.70194798219575, 230, 0, 2, False, 1425246552.942686)
(0, -10, 0, 316.70194798219575, 230, 0, 2, False, 1425246553.051261)
(0, -10, 0, 316.70194798219575, 230, 0, 2, False, 1425246553.179442)
(0, -10, 0, 316.70194798219575, 230, 0, 2, False, 1425246553.284023)
(0, -10, 0, 316.70194798219575, 230, 0, 2, False, 1425246553.389516)
