(0, -10, 0, 316.70194798219575, 230, 0, 2, False, 1425243399.84797)
(0, -10, 0, 316.70194798219575, 230, 0, 2, False, 1425243399.94933)
(0, -10, 0, 316.70194798219575, 230, 0, 2, False, 1425243400.050523)
(0, -10, 0, 316.70194798219575, 230, 0, 2, False, 1425243400.157538)
(0, -10, 0, 316.70194798219575, 230, 0, 2, False, 1425243400.25922)
(0, -10, 0, 316.70194798219575, 230, 0, 2, False, 1425243400.36084)
(0, -10, 0, 316.70194798219575, 230, 0, 2, False, 1425243400.467984)
(0, -10, 0, 316.70194798219575, 230, 0, 2, False, 1425243400.571129)
(0, -10, 0, 316.70194798219575, 230, 0, 2, False, 1425243400.674144)
(0, -10, 0, 316.70194798219575, 230, 0, 2, False, 1425243400.777058)
(0, -10, 0, 316.70194798219575, 230, 0, 2, False, 1425243400.883806)
(0, -10, 0, 316.70194798219575, 230, 0, 2, False, 1425243400.986977)
(0, -10, 0, 316.70194798219575, 230, 0, 2, False, 1425243401.092214)
(0, -10, 0, 316.70194798219575, 230, 0, 2, False, 1425243401.195163)
(0, -10, 0, 316.70194798219575, 230, 0, 2, False, 1425243401.298022)
(0, -10, 0, 316.70194798219575, 230, 0, 2, False, 1425243401.401064)
