(0, -10, 87.0, 60.21875, 230, 0, 2, True, 1425245271.937203)
(0, -10, 87.0, 60.21875, 230, 0, 2, True, 1425245272.039942)
(0, -10, 87.0, 60.21875, 230, 0, 2, True, 1425245272.141772)
(0, -10, 87.0, 60.21875, 230, 0, 2, True, 1425245272.243385)
(0, -10, 87.0, 60.21875, 230, 0, 2, True, 1425245272.347819)
(0, -10, 87.0, 60.21875, 230, 0, 2, True, 1425245272.455236)
(0, -10, 86.9, 60.118750000000006, 230, 0, 2, True, 1425245272.556953)
(0, -10, 86.9, 60.118750000000006, 230, 0, 2, True, 1425245272.659189)
(0, -10, 86.9, 60.118750000000006, 230, 0, 2, True, 1425245272.765224)
(0, -10, 86.9, 60.118750000000006, 230, 0, 2, True, 1425245272.86726)
