(0, -10, 0, 0, 230, 0, 2, False, 1425244533.322975)
(0, -10, 0, 0, 230, 0, 2, False, 1425244533.423842)
(0, -10, 0, 0, 230, 0, 2, False, 1425244533.525082)
(0, -10, 0, 0, 230, 0, 2, False, 1425244533.626267)
(0, -10, 0, 0, 230, 0, 2, False, 1425244533.730255)
(0, -10, 0, 0, 230, 0, 2, False, 1425244533.83248)
(0, -10, 0, 0, 230, 0, 2, False, 1425244533.934259)
(0, -10, 0, 0, 230, 0, 2, False, 1425244534.041985)
(0, -10, 0, 0, 230, 0, 2, False, 1425244534.143896)
(0, -10, 0, 0, 230, 0, 2, False, 1425244534.246084)
(0, -10, 0, 0, 230, 0, 2, False, 1425244534.350809)
(0, -10, 0, 0, 230, 0, 2, False, 1425244534.452898)
(0, -10, 0, 0, 230, 0, 2, False, 1425244534.557707)
(0, -10, 0, 0, 230, 0, 2, False, 1425244534.660347)
(0, -10, 0, 0, 230, 0, 2, False, 1425244534.762203)
(0, -10, 0, 0, 230, 0, 2, False, 1425244534.867886)
(0, -10, 0, 0, 230, 0, 2, False, 1425244534.969496)
(0, -10, 0, 0, 230, 0, 2, False, 1425244535.071688)
(0, -10, 0, 0, 230, 0, 2, False, 1425244535.17398)
(0, -10, 0, 0, 230, 0, 2, False, 1425244535.276005)
(0, -10, 0, 0, 230, 0, 2, False, 1425244535.381175)
(0, -10, 0, 0, 230, 0, 2, False, 1425244535.482928)
(0, -10, 0, 0, 230, 0, 2, False, 1425244535.584848)
(0, -10, 0, 0, 230, 0, 2, False, 1425244535.688958)
(0, -10, 0, 0, 230, 0, 2, False, 1425244535.791213)
(0, -10, 0, 0, 230, 0, 2, False, 1425244535.893474)
(0, -10, 0, 0, 230, 0, 2, False, 1425244535.99589)
(0, -10, 0, 0, 230, 0, 2, False, 1425244536.100153)
(0, -10, 0, 0, 230, 0, 2, False, 1425244536.201764)
(0, -10, 0, 0, 230, 0, 2, False, 1425244536.303974)
(0, -10, 0, 0, 230, 0, 2, False, 1425244536.408132)
(0, -10, 0, 0, 230, 0, 2, False, 1425244536.509964)
(0, -10, 0, 0, 230, 0, 2, False, 1425244536.611976)
(0, -10, 0, 0, 230, 0, 2, False, 1425244536.71618)
(0, -10, 0, 0, 230, 0, 2, False, 1425244536.824594)
(0, -10, 0, 0, 230, 0, 2, False, 1425244536.92985)
(0, -10, 0, 0, 230, 0, 2, False, 1425244537.031904)
(0, -10, 0, 0, 230, 0, 2, False, 1425244537.133589)
(0, -10, 0, 0, 230, 0, 2, False, 1425244537.235748)
(0, -10, 0, 0, 230, 0, 2, False, 1425244537.337921)
(0, -10, 0, 0, 230, 0, 2, False, 1425244537.441921)
(0, -10, 0, 0, 230, 0, 2, False, 1425244537.54763)
(0, -10, 0, 0, 230, 0, 2, False, 1425244537.649614)
(0, -10, 0, 0, 230, 0, 2, False, 1425244537.752022)
(0, -10, 0, 0, 230, 0, 2, False, 1425244537.856082)
(0, -10, 0, 0, 230, 0, 2, False, 1425244537.957832)
(0, -10, 0, 0, 230, 0, 2, False, 1425244538.060095)
(0, -10, 0, 0, 230, 0, 2, False, 1425244538.16212)
(0, -10, 0, 0, 230, 0, 2, False, 1425244538.264197)
(0, -10, 0, 0, 230, 0, 2, False, 1425244538.365928)
(0, -10, 0, 0, 230, 0, 2, False, 1425244538.470197)
(0, -10, 0, 0, 230, 0, 2, False, 1425244538.572409)
(0, -10, 0, 0, 230, 0, 2, False, 1425244538.674303)
(0, -10, 0, 0, 230, 0, 2, False, 1425244538.780522)
(0, -10, 0, 0, 230, 0, 2, False, 1425244538.882981)
(0, -10, 0, 0, 230, 0, 2, False, 1425244538.985088)
(0, -10, 0, 0, 230, 0, 2, False, 1425244539.0868)
(0, -10, 0, 0, 230, 0, 2, False, 1425244539.189008)
(0, -10, 0, 0, 230, 0, 2, False, 1425244539.291579)
(0, -10, 0, 0, 230, 0, 2, False, 1425244539.393381)
(0, -10, 0, 0, 230, 0, 2, False, 1425244539.497712)
(0, -10, 0, 0, 230, 0, 2, False, 1425244539.599716)
(0, -10, 0, 0, 230, 0, 2, False, 1425244539.701767)
(0, -10, 0, 0, 230, 0, 2, False, 1425244539.803804)
(0, -10, 0, 0, 230, 0, 2, False, 1425244539.90567)
(0, -10, 0, 0, 230, 0, 2, False, 1425244540.0111)
(0, -10, 0, 0, 230, 0, 2, False, 1425244540.113674)
(0, -10, 0, 0, 230, 0, 2, False, 1425244540.215645)
(0, -10, 0, 0, 230, 0, 2, False, 1425244540.31737)
(0, -10, 0, 0, 230, 0, 2, False, 1425244540.42274)
(0, -10, 0, 0, 230, 0, 2, False, 1425244540.5268)
(0, -10, 0, 0, 230, 0, 2, False, 1425244540.628992)
(0, -10, 0, 0, 230, 0, 2, False, 1425244540.730797)
(0, -10, 0, 0, 230, 0, 2, False, 1425244540.833009)
(0, -10, 0, 0, 230, 0, 2, False, 1425244540.935774)
(0, -10, 0, 0, 230, 0, 2, False, 1425244541.037609)
(0, -10, 0, 0, 230, 0, 2, False, 1425244541.139356)
(0, -10, 0, 0, 230, 0, 2, False, 1425244541.241101)
(0, -10, 0, 0, 230, 0, 2, False, 1425244541.343065)
(0, -10, 0, 0, 230, 0, 2, False, 1425244541.45318)
(0, -10, 0, 0, 230, 0, 2, False, 1425244541.55774)
(0, -10, 0, 0, 230, 0, 2, False, 1425244541.660212)
(0, -10, 0, 0, 230, 0, 2, False, 1425244541.762898)
(0, -10, 0, 0, 230, 0, 2, False, 1425244541.8672)
(0, -10, 0, 0, 230, 0, 2, False, 1425244541.969338)
(0, -10, 0, 0, 230, 0, 2, False, 1425244542.071027)
(0, -10, 0, 0, 230, 0, 2, False, 1425244542.173204)
(0, -10, 0, 0, 230, 0, 2, False, 1425244542.275442)
(0, -10, 0, 0, 230, 0, 2, False, 1425244542.380673)
(0, -10, 0, 0, 230, 0, 2, False, 1425244542.482467)
(0, -10, 0, 0, 230, 0, 2, False, 1425244542.586996)
(0, -10, 0, 0, 230, 0, 2, False, 1425244542.689374)
(0, -10, 0, 0, 230, 0, 2, False, 1425244542.791075)
(0, -10, 0, 0, 230, 0, 2, False, 1425244542.893163)
(0, -10, 0, 0, 230, 0, 2, False, 1425244542.99532)
(0, -10, 0, 0, 230, 0, 2, False, 1425244543.09771)
(0, -10, 0, 0, 230, 0, 2, False, 1425244543.201485)
(0, -10, 0, 0, 230, 0, 2, False, 1425244543.303211)
(0, -10, 0, 0, 230, 0, 2, False, 1425244543.405371)
(0, -10, 0, 0, 230, 0, 2, False, 1425244543.50729)
(0, -10, 0, 0, 230, 0, 2, False, 1425244543.611847)
(0, -10, 0, 0, 230, 0, 2, False, 1425244543.717959)
(0, -10, 0, 0, 230, 0, 2, False, 1425244543.820532)
(0, -10, 0, 0, 230, 0, 2, False, 1425244543.922714)
(0, -10, 0, 0, 230, 0, 2, False, 1425244544.024738)
(0, -10, 0, 0, 230, 0, 2, False, 1425244544.128946)
(0, -10, 0, 0, 230, 0, 2, False, 1425244544.230719)
(0, -10, 0, 0, 230, 0, 2, False, 1425244544.332975)
(0, -10, 0, 0, 230, 0, 2, False, 1425244544.434896)
(0, -10, 0, 0, 230, 0, 2, False, 1425244544.537016)
(0, -10, 0, 0, 230, 0, 2, False, 1425244544.645539)
(0, -10, 0, 0, 230, 0, 2, False, 1425244544.748054)
(0, -10, 0, 0, 230, 0, 2, False, 1425244544.849914)
(0, -10, 0, 0, 230, 0, 2, False, 1425244544.951825)
(0, -10, 0, 0, 230, 0, 2, False, 1425244545.057442)
(0, -10, 0, 0, 230, 0, 2, False, 1425244545.160111)
(0, -10, 0, 0, 230, 0, 2, False, 1425244545.262012)
(0, -10, 0, 0, 230, 0, 2, False, 1425244545.364018)
(0, -10, 0, 0, 230, 0, 2, False, 1425244545.465698)
(0, -10, 0, 0, 230, 0, 2, False, 1425244545.568461)
(0, -10, 0, 0, 230, 0, 2, False, 1425244545.672556)
(0, -10, 0, 0, 230, 0, 2, False, 1425244545.774336)
(0, -10, 0, 0, 230, 0, 2, False, 1425244545.876345)
(0, -10, 0, 0, 230, 0, 2, False, 1425244545.978877)
(0, -10, 0, 0, 230, 0, 2, False, 1425244546.080745)
(0, -10, 0, 0, 230, 0, 2, False, 1425244546.184371)
(0, -10, 0, 0, 230, 0, 2, False, 1425244546.285943)
(0, -10, 0, 0, 230, 0, 2, False, 1425244546.387733)
(0, -10, 0, 0, 230, 0, 2, False, 1425244546.491537)
(0, -10, 0, 0, 230, 0, 2, False, 1425244546.593795)
(0, -10, 0, 0, 230, 0, 2, False, 1425244546.706893)
(0, -10, 0, 0, 230, 0, 2, False, 1425244546.81099)
(0, -10, 0, 0, 230, 0, 2, False, 1425244546.913319)
(0, -10, 0, 0, 230, 0, 2, False, 1425244547.015337)
(0, -10, 0, 0, 230, 0, 2, False, 1425244547.117336)
(0, -10, 0, 0, 230, 0, 2, False, 1425244547.221492)
(0, -10, 0, 0, 230, 0, 2, False, 1425244547.323458)
(0, -10, 0, 0, 230, 0, 2, False, 1425244547.429928)
(0, -10, 0, 0, 230, 0, 2, False, 1425244547.535853)
(0, -10, 0, 0, 230, 0, 2, False, 1425244547.637529)
(0, -10, 0, 0, 230, 0, 2, False, 1425244547.741999)
(0, -10, 0, 0, 230, 0, 2, False, 1425244547.844191)
(0, -10, 0, 0, 230, 0, 2, False, 1425244547.945909)
(0, -10, 0, 0, 230, 0, 2, False, 1425244548.049405)
(0, -10, 0, 0, 230, 0, 2, False, 1425244548.151328)
(0, -10, 0, 0, 230, 0, 2, False, 1425244548.253679)
(0, -10, 0, 0, 230, 0, 2, False, 1425244548.357674)
(0, -10, 0, 0, 230, 0, 2, False, 1425244548.459419)
(0, -10, 0, 0, 230, 0, 2, False, 1425244548.561739)
(0, -10, 0, 0, 230, 0, 2, False, 1425244548.663947)
(0, -10, 0, 0, 230, 0, 2, False, 1425244548.776383)
(0, -10, 0, 0, 230, 0, 2, False, 1425244548.882364)
(0, -10, 0, 0, 230, 0, 2, False, 1425244548.984755)
(0, -10, 0, 0, 230, 0, 2, False, 1425244549.086689)
(0, -10, 0, 0, 230, 0, 2, False, 1425244549.190341)
(0, -10, 0, 0, 230, 0, 2, False, 1425244549.292087)
(0, -10, 0, 0, 230, 0, 2, False, 1425244549.394517)
(0, -10, 0, 0, 230, 0, 2, False, 1425244549.49659)
(0, -10, 0, 0, 230, 0, 2, False, 1425244549.598391)
(0, -10, 0, 0, 230, 0, 2, False, 1425244549.705368)
(0, -10, 0, 0, 230, 0, 2, False, 1425244549.80976)
(0, -10, 0, 0, 230, 0, 2, False, 1425244549.912393)
(0, -10, 0, 0, 230, 0, 2, False, 1425244550.014335)
(0, -10, 0, 0, 230, 0, 2, False, 1425244550.1162)
(0, -10, 0, 0, 230, 0, 2, False, 1425244550.218041)
(0, -10, 0, 0, 230, 0, 2, False, 1425244550.320525)
(0, -10, 0, 0, 230, 0, 2, False, 1425244550.422423)
(0, -10, 0, 0, 230, 0, 2, False, 1425244550.5242)
(0, -10, 0, 0, 230, 0, 2, False, 1425244550.630205)
(0, -10, 0, 0, 230, 0, 2, False, 1425244550.732717)
(0, -10, 0, 0, 230, 0, 2, False, 1425244550.836849)
(0, -10, 0, 0, 230, 0, 2, False, 1425244550.942167)
(0, -10, 0, 0, 230, 0, 2, False, 1425244551.043745)
(0, -10, 0, 0, 230, 0, 2, False, 1425244551.146326)
(0, -10, 0, 0, 230, 0, 2, False, 1425244551.248648)
(0, -10, 0, 0, 230, 0, 2, False, 1425244551.350308)
(0, -10, 0, 0, 230, 0, 2, False, 1425244551.454291)
(0, -10, 0, 0, 230, 0, 2, False, 1425244551.556854)
(0, -10, 0, 0, 230, 0, 2, False, 1425244551.65883)
(0, -10, 0, 0, 230, 0, 2, False, 1425244551.76428)
(0, -10, 0, 0, 230, 0, 2, False, 1425244551.868572)
(0, -10, 0, 0, 230, 0, 2, False, 1425244551.97086)
(0, -10, 0, 0, 230, 0, 2, False, 1425244552.072984)
(0, -10, 0, 0, 230, 0, 2, False, 1425244552.176929)
(0, -10, 0, 0, 230, 0, 2, False, 1425244552.278747)
(0, -10, 0, 0, 230, 0, 2, False, 1425244552.381181)
(0, -10, 0, 0, 230, 0, 2, False, 1425244552.483181)
(0, -10, 0, 0, 230, 0, 2, False, 1425244552.584986)
(0, -10, 0, 0, 230, 0, 2, False, 1425244552.686884)
(0, -10, 0, 0, 230, 0, 2, False, 1425244552.789291)
(0, -10, 0, 0, 230, 0, 2, False, 1425244552.893923)
(0, -10, 0, 0, 230, 0, 2, False, 1425244552.996047)
(0, -10, 0, 0, 230, 0, 2, False, 1425244553.097879)
(0, -10, 0, 0, 230, 0, 2, False, 1425244553.200341)
(0, -10, 126.9, 126.9, 230, 0, 2, False, 1425244553.302457)
(0, -10, 126.9, 126.9, 230, 0, 2, False, 1425244553.404544)
(0, -10, 126.9, 126.9, 230, 0, 2, False, 1425244553.511083)
(0, -10, 126.9, 126.9, 230, 0, 2, False, 1425244553.613388)
(0, -10, 126.9, 126.9, 230, 0, 2, False, 1425244553.715326)
(0, -10, 126.9, 126.9, 230, 0, 2, False, 1425244553.817251)
(0, -10, 126.9, 126.9, 230, 0, 2, False, 1425244553.921872)
(0, -10, 126.9, 126.9, 230, 0, 2, False, 1425244554.023871)
(0, -10, 126.9, 126.9, 230, 0, 2, False, 1425244554.125865)
(0, -10, 126.9, 126.9, 230, 0, 2, False, 1425244554.231466)
(0, -10, 126.9, 126.9, 230, 0, 2, False, 1425244554.334152)
(0, -10, 126.9, 126.9, 230, 0, 2, False, 1425244554.436321)
(0, -10, 126.9, 126.9, 230, 0, 2, False, 1425244554.545984)
(0, -10, 126.9, 126.9, 230, 0, 2, False, 1425244554.648417)
(0, -10, 126.9, 126.9, 230, 0, 2, False, 1425244554.750526)
(0, -10, 125.3, 125.3, 230, 0, 2, False, 1425244554.852703)
(0, -10, 125.3, 125.3, 230, 0, 2, False, 1425244554.963732)
(0, -10, 125.3, 125.3, 230, 0, 2, False, 1425244555.065599)
(0, -10, 125.3, 125.3, 230, 0, 2, False, 1425244555.168268)
(0, -10, 125.3, 125.3, 230, 0, 2, False, 1425244555.270317)
(0, -10, 125.3, 125.3, 230, 0, 2, False, 1425244555.372253)
(0, -10, 125.3, 125.3, 230, 0, 2, False, 1425244555.475932)
(0, -10, 125.3, 125.3, 230, 0, 2, False, 1425244555.578129)
(0, -10, 125.3, 125.3, 230, 0, 2, False, 1425244555.679927)
(0, -10, 125.3, 125.3, 230, 0, 2, False, 1425244555.781827)
(0, -10, 125.3, 125.3, 230, 0, 2, False, 1425244555.883515)
(0, -10, 125.3, 125.3, 230, 0, 2, False, 1425244555.987307)
(0, -10, 125.3, 125.3, 230, 0, 2, False, 1425244556.089182)
(0, -10, 125.3, 125.3, 230, 0, 2, False, 1425244556.193382)
(0, -10, 125.3, 125.3, 230, 0, 2, False, 1425244556.295052)
(0, -10, 125.3, 125.3, 230, 0, 2, False, 1425244556.397256)
(0, -10, 125.3, 125.3, 230, 0, 2, False, 1425244556.502771)
(0, -10, 125.3, 125.3, 230, 0, 2, False, 1425244556.604526)
(0, -10, 125.3, 125.3, 230, 0, 2, False, 1425244556.71572)
(0, -10, 125.3, 125.3, 230, 0, 2, False, 1425244556.823165)
(0, -10, 125.3, 125.3, 230, 0, 2, False, 1425244556.925168)
(0, -10, 125.3, 125.3, 230, 0, 2, False, 1425244557.02952)
(0, -10, 125.3, 125.3, 230, 0, 2, False, 1425244557.135623)
(0, -10, 125.3, 125.3, 230, 0, 2, False, 1425244557.238178)
(0, -10, 125.3, 125.3, 230, 0, 2, False, 1425244557.343661)
(0, -10, 125.3, 125.3, 230, 0, 2, False, 1425244557.445546)
(0, -10, 125.3, 125.3, 230, 0, 2, False, 1425244557.547236)
(0, -10, 125.3, 125.3, 230, 0, 2, False, 1425244557.649189)
(0, -10, 125.3, 125.3, 230, 0, 2, False, 1425244557.751658)
(0, -10, 125.3, 125.3, 230, 0, 2, False, 1425244557.853868)
(0, -10, 125.3, 125.3, 230, 0, 2, False, 1425244557.955681)
(0, -10, 125.3, 125.3, 230, 0, 2, False, 1425244558.0596)
(0, -10, 125.3, 125.3, 230, 0, 2, False, 1425244558.162121)
(0, -10, 125.3, 125.3, 230, 0, 2, False, 1425244558.264228)
(0, -10, 125.3, 125.3, 230, 0, 2, False, 1425244558.369359)
(0, -10, 125.3, 125.3, 230, 0, 2, False, 1425244558.471148)
(0, -10, 125.3, 125.3, 230, 0, 2, False, 1425244558.573737)
(0, -10, 125.3, 125.3, 230, 0, 2, False, 1425244558.675844)
(0, -10, 125.3, 125.3, 230, 0, 2, False, 1425244558.778476)
(0, -10, 125.3, 125.3, 230, 0, 2, False, 1425244558.881252)
(0, -10, 125.3, 125.3, 230, 0, 2, False, 1425244558.983368)
(0, -10, 125.3, 125.3, 230, 0, 2, False, 1425244559.087306)
(0, -10, 125.3, 125.3, 230, 0, 2, False, 1425244559.189617)
(0, -10, 125.3, 125.3, 230, 0, 2, False, 1425244559.291383)
(0, -10, 123.1, 123.1, 230, 0, 2, False, 1425244559.393456)
(0, -10, 123.1, 123.1, 230, 0, 2, False, 1425244559.498838)
(0, -10, 123.1, 123.1, 230, 0, 2, False, 1425244559.600688)
(0, -10, 123.1, 123.1, 230, 0, 2, False, 1425244559.703185)
(0, -10, 123.1, 123.1, 230, 0, 2, False, 1425244559.805348)
(0, -10, 123.1, 123.1, 230, 0, 2, False, 1425244559.907325)
(0, -10, 123.1, 123.1, 230, 0, 2, False, 1425244560.012201)
(0, -10, 123.1, 123.1, 230, 0, 2, False, 1425244560.121179)
(0, -10, 123.1, 123.1, 230, 0, 2, False, 1425244560.223298)
(0, -10, 123.1, 123.1, 230, 0, 2, False, 1425244560.325443)
(0, -10, 123.1, 123.1, 230, 0, 2, False, 1425244560.427788)
(0, -10, 123.1, 123.1, 230, 0, 2, False, 1425244560.529731)
(0, -10, 123.1, 123.1, 230, 0, 2, False, 1425244560.631514)
(0, -10, 123.1, 123.1, 230, 0, 2, False, 1425244560.73723)
(0, -10, 123.1, 123.1, 230, 0, 2, False, 1425244560.839018)
(0, -10, 121.9, 121.9, 230, 0, 2, False, 1425244560.941626)
(0, -10, 121.9, 121.9, 230, 0, 2, False, 1425244561.043758)
(0, -10, 121.9, 121.9, 230, 0, 2, False, 1425244561.148108)
(0, -10, 121.9, 121.9, 230, 0, 2, False, 1425244561.250101)
(0, -10, 121.9, 121.9, 230, 0, 2, False, 1425244561.35386)
(0, -10, 121.9, 121.9, 230, 0, 2, False, 1425244561.455717)
(0, -10, 121.9, 121.9, 230, 0, 2, False, 1425244561.561749)
(0, -10, 121.9, 121.9, 230, 0, 2, False, 1425244561.671317)
(0, -10, 121.9, 121.9, 230, 0, 2, False, 1425244561.778221)
(0, -10, 121.9, 121.9, 230, 0, 2, False, 1425244561.883175)
(0, -10, 121.9, 121.9, 230, 0, 2, False, 1425244561.984486)
(0, -10, 121.9, 121.9, 230, 0, 2, False, 1425244562.085255)
(0, -10, 121.9, 121.9, 230, 0, 2, False, 1425244562.189496)
(0, -10, 121.2, 121.2, 230, 0, 2, False, 1425244562.29049)
(0, -10, 121.2, 121.2, 230, 0, 2, False, 1425244562.391665)
(0, -10, 121.2, 121.2, 230, 0, 2, False, 1425244562.495369)
(0, -10, 121.2, 121.2, 230, 0, 2, False, 1425244562.597743)
(0, -10, 121.2, 121.2, 230, 0, 2, False, 1425244562.699673)
(0, -10, 121.2, 121.2, 230, 0, 2, False, 1425244562.801826)
(0, -10, 121.2, 121.2, 230, 0, 2, False, 1425244562.908152)
(0, -10, 121.2, 121.2, 230, 0, 2, False, 1425244563.010283)
(0, -10, 121.2, 121.2, 230, 0, 2, False, 1425244563.111978)
(0, -10, 121.2, 121.2, 230, 0, 2, False, 1425244563.219268)
(0, -10, 121.2, 121.2, 230, 0, 2, False, 1425244563.321543)
(0, -10, 120.9, 120.9, 230, 0, 2, False, 1425244563.423687)
(0, -10, 120.9, 120.9, 230, 0, 2, False, 1425244563.526697)
(0, -10, 120.9, 120.9, 230, 0, 2, False, 1425244563.629009)
(0, -10, 120.9, 120.9, 230, 0, 2, False, 1425244563.731025)
(0, -10, 120.9, 120.9, 230, 0, 2, False, 1425244563.837186)
(0, -10, 120.9, 120.9, 230, 0, 2, False, 1425244563.939374)
(0, -10, 120.9, 120.9, 230, 0, 2, False, 1425244564.041696)
(0, -10, 120.9, 120.9, 230, 0, 2, False, 1425244564.143796)
(0, -10, 120.9, 120.9, 230, 0, 2, False, 1425244564.248473)
(0, -10, 120.9, 120.9, 230, 0, 2, False, 1425244564.35032)
(0, -10, 120.9, 120.9, 230, 0, 2, False, 1425244564.455314)
(0, -10, 120.9, 120.9, 230, 0, 2, False, 1425244564.557174)
(0, -10, 120.9, 120.9, 230, 0, 2, False, 1425244564.661502)
(0, -10, 120.9, 120.9, 230, 0, 2, False, 1425244564.763559)
(0, -10, 120.9, 120.9, 230, 0, 2, False, 1425244564.865451)
(0, -10, 120.9, 120.9, 230, 0, 2, False, 1425244564.967253)
(0, -10, 120.9, 120.9, 230, 0, 2, False, 1425244565.069134)
(0, -10, 120.9, 120.9, 230, 0, 2, False, 1425244565.170778)
(0, -10, 120.9, 120.9, 230, 0, 2, False, 1425244565.274756)
(0, -10, 120.9, 120.9, 230, 0, 2, False, 1425244565.376744)
(0, -10, 120.9, 120.9, 230, 0, 2, False, 1425244565.478741)
(0, -10, 120.9, 120.9, 230, 0, 2, False, 1425244565.580562)
(0, -10, 120.9, 120.9, 230, 0, 2, False, 1425244565.682607)
(0, -10, 120.9, 120.9, 230, 0, 2, False, 1425244565.785325)
(0, -10, 120.9, 120.9, 230, 0, 2, False, 1425244565.887087)
(0, -10, 120.9, 120.9, 230, 0, 2, False, 1425244565.992168)
(0, -10, 120.9, 120.9, 230, 0, 2, False, 1425244566.094124)
(0, -10, 120.9, 120.9, 230, 0, 2, False, 1425244566.196086)
(0, -10, 120.9, 120.9, 230, 0, 2, False, 1425244566.304503)
(0, -10, 120.9, 120.9, 230, 0, 2, False, 1425244566.406323)
(0, -10, 120.9, 120.9, 230, 0, 2, False, 1425244566.508181)
(0, -10, 120.9, 120.9, 230, 0, 2, False, 1425244566.609975)
(0, -10, 120.9, 120.9, 230, 0, 2, False, 1425244566.71602)
(0, -10, 120.9, 120.9, 230, 0, 2, False, 1425244566.822978)
(0, -10, 120.9, 120.9, 230, 0, 2, False, 1425244566.925049)
(0, -10, 120.9, 120.9, 230, 0, 2, False, 1425244567.030184)
(0, -10, 120.9, 120.9, 230, 0, 2, False, 1425244567.131817)
(0, -10, 120.9, 120.9, 230, 0, 2, False, 1425244567.233695)
(0, -10, 120.9, 120.9, 230, 0, 2, False, 1425244567.338023)
(0, -10, 120.9, 120.9, 230, 0, 2, False, 1425244567.439818)
(0, -10, 120.9, 120.9, 230, 0, 2, False, 1425244567.541652)
(0, -10, 120.9, 120.9, 230, 0, 2, False, 1425244567.643317)
(0, -10, 120.9, 120.9, 230, 0, 2, False, 1425244567.745101)
(0, -10, 120.9, 120.9, 230, 0, 2, False, 1425244567.846975)
(0, -10, 120.9, 120.9, 230, 0, 2, False, 1425244567.94875)
(0, -10, 120.9, 120.9, 230, 0, 2, False, 1425244568.054558)
(0, -10, 120.9, 120.9, 230, 0, 2, False, 1425244568.15622)
(0, -10, 120.9, 120.9, 230, 0, 2, False, 1425244568.260503)
(0, -10, 120.9, 120.9, 230, 0, 2, False, 1425244568.365953)
(0, -10, 120.9, 120.9, 230, 0, 2, False, 1425244568.46762)
(0, -10, 120.9, 120.9, 230, 0, 2, False, 1425244568.570726)
(0, -10, 120.9, 120.9, 230, 0, 2, False, 1425244568.672462)
(0, -10, 120.9, 120.9, 230, 0, 2, False, 1425244568.77434)
(0, -10, 120.9, 120.9, 230, 0, 2, False, 1425244568.87707)
(0, -10, 120.9, 120.9, 230, 0, 2, False, 1425244568.979041)
(0, -10, 120.9, 120.9, 230, 0, 2, False, 1425244569.081017)
(0, -10, 120.9, 120.9, 230, 0, 2, False, 1425244569.182943)
(0, -10, 120.9, 120.9, 230, 0, 2, False, 1425244569.287122)
(0, -10, 120.9, 120.9, 230, 0, 2, False, 1425244569.391317)
(0, -10, 120.9, 120.9, 230, 0, 2, False, 1425244569.493272)
(0, -10, 120.9, 120.9, 230, 0, 2, False, 1425244569.598606)
(0, -10, 120.9, 120.9, 230, 0, 2, False, 1425244569.700509)
(0, -10, 120.9, 120.9, 230, 0, 2, False, 1425244569.802611)
(0, -10, 120.9, 120.9, 230, 0, 2, False, 1425244569.908733)
(0, -10, 120.9, 120.9, 230, 0, 2, False, 1425244570.010595)
(0, -10, 120.9, 120.9, 230, 0, 2, False, 1425244570.112244)
(0, -10, 120.9, 120.9, 230, 0, 2, False, 1425244570.214098)
(0, -10, 120.9, 120.9, 230, 0, 2, False, 1425244570.317208)
(0, -10, 120.9, 120.9, 230, 0, 2, False, 1425244570.420985)
(0, -10, 120.9, 120.9, 230, 0, 2, False, 1425244570.527321)
(0, -10, 120.9, 120.9, 230, 0, 2, False, 1425244570.629274)
(0, -10, 120.9, 120.9, 230, 0, 2, False, 1425244570.730958)
(0, -10, 120.9, 120.9, 230, 0, 2, False, 1425244570.83264)
(0, -10, 120.9, 120.9, 230, 0, 2, False, 1425244570.934425)
(0, -10, 120.9, 120.9, 230, 0, 2, False, 1425244571.036028)
(0, -10, 120.9, 120.9, 230, 0, 2, False, 1425244571.137789)
(0, -10, 120.9, 120.9, 230, 0, 2, False, 1425244571.242976)
(0, -10, 120.9, 120.9, 230, 0, 2, False, 1425244571.349653)
(0, -10, 120.9, 120.9, 230, 0, 2, False, 1425244571.453791)
(0, -10, 120.9, 120.9, 230, 0, 2, False, 1425244571.557623)
(0, -10, 120.9, 120.9, 230, 0, 2, False, 1425244571.659692)
(0, -10, 120.9, 120.9, 230, 0, 2, False, 1425244571.768163)
(0, -10, 120.9, 120.9, 230, 0, 2, False, 1425244571.871236)
(0, -10, 120.9, 120.9, 230, 0, 2, False, 1425244571.973345)
(0, -10, 120.9, 120.9, 230, 0, 2, False, 1425244572.078206)
(0, -10, 120.9, 120.9, 230, 0, 2, False, 1425244572.180163)
(0, -10, 120.9, 120.9, 230, 0, 2, False, 1425244572.281924)
(0, -10, 120.9, 120.9, 230, 0, 2, False, 1425244572.383556)
(0, -10, 120.9, 120.9, 230, 0, 2, False, 1425244572.487388)
(0, -10, 120.9, 120.9, 230, 0, 2, False, 1425244572.589385)
(0, -10, 120.9, 120.9, 230, 0, 2, False, 1425244572.691328)
(0, -10, 120.9, 120.9, 230, 0, 2, False, 1425244572.793173)
(0, -10, 120.9, 120.9, 230, 0, 2, False, 1425244572.895182)
(0, -10, 120.9, 120.9, 230, 0, 2, False, 1425244572.996898)
(0, -10, 120.9, 120.9, 230, 0, 2, False, 1425244573.102188)
(0, -10, 120.9, 120.9, 230, 0, 2, False, 1425244573.20381)
(0, -10, 120.9, 120.9, 230, 0, 2, False, 1425244573.30577)
(0, -10, 120.9, 120.9, 230, 0, 2, False, 1425244573.408187)
(0, -10, 120.9, 120.9, 230, 0, 2, False, 1425244573.512066)
(0, -10, 120.9, 120.9, 230, 0, 2, False, 1425244573.615458)
(0, -10, 120.9, 120.9, 230, 0, 2, False, 1425244573.717344)
(0, -10, 120.9, 120.9, 230, 0, 2, False, 1425244573.819097)
(0, -10, 120.9, 120.9, 230, 0, 2, False, 1425244573.920709)
(0, -10, 120.9, 120.9, 230, 0, 2, False, 1425244574.025933)
(0, -10, 120.9, 120.9, 230, 0, 2, False, 1425244574.127581)
(0, -10, 120.9, 120.9, 230, 0, 2, False, 1425244574.229457)
(0, -10, 120.9, 120.9, 230, 0, 2, False, 1425244574.331376)
(0, -10, 120.9, 120.9, 230, 0, 2, False, 1425244574.433586)
(0, -10, 120.9, 120.9, 230, 0, 2, False, 1425244574.540128)
(0, -10, 120.9, 120.9, 230, 0, 2, False, 1425244574.642041)
(0, -10, 120.9, 120.9, 230, 0, 2, False, 1425244574.744388)
(0, -10, 120.9, 120.9, 230, 0, 2, False, 1425244574.846407)
(0, -10, 120.9, 120.9, 230, 0, 2, False, 1425244574.948099)
(0, -10, 120.9, 120.9, 230, 0, 2, False, 1425244575.052141)
(0, -10, 120.9, 120.9, 230, 0, 2, False, 1425244575.154357)
(0, -10, 120.9, 120.9, 230, 0, 2, False, 1425244575.258694)
(0, -10, 120.9, 120.9, 230, 0, 2, False, 1425244575.36028)
(0, -10, 120.9, 120.9, 230, 0, 2, False, 1425244575.462054)
(0, -10, 120.9, 120.9, 230, 0, 2, False, 1425244575.566271)
(0, -10, 120.9, 120.9, 230, 0, 2, False, 1425244575.670305)
(0, -10, 120.9, 120.9, 230, 0, 2, False, 1425244575.771962)
(0, -10, 120.9, 120.9, 230, 0, 2, False, 1425244575.874002)
(0, -10, 120.9, 120.9, 230, 0, 2, False, 1425244575.980454)
(0, -10, 120.9, 120.9, 230, 0, 2, False, 1425244576.082306)
(0, -10, 120.9, 120.9, 230, 0, 2, False, 1425244576.187497)
(0, -10, 120.9, 120.9, 230, 0, 2, False, 1425244576.289364)
(0, -10, 120.9, 120.9, 230, 0, 2, False, 1425244576.391138)
(0, -10, 120.9, 120.9, 230, 0, 2, False, 1425244576.492794)
(0, -10, 120.9, 120.9, 230, 0, 2, False, 1425244576.598543)
(0, -10, 120.9, 120.9, 230, 0, 2, False, 1425244576.700391)
(0, -10, 120.9, 120.9, 230, 0, 2, False, 1425244576.805907)
(0, -10, 120.9, 120.9, 230, 0, 2, False, 1425244576.908035)
(0, -10, 120.9, 120.9, 230, 0, 2, False, 1425244577.009943)
(0, -10, 120.9, 120.9, 230, 0, 2, False, 1425244577.111756)
(0, -10, 120.9, 120.9, 230, 0, 2, False, 1425244577.213635)
(0, -10, 120.9, 120.9, 230, 0, 2, False, 1425244577.315253)
(0, -10, 120.9, 120.9, 230, 0, 2, False, 1425244577.417062)
(0, -10, 120.9, 120.9, 230, 0, 2, False, 1425244577.521624)
(0, -10, 120.9, 120.9, 230, 0, 2, False, 1425244577.625437)
(0, -10, 120.9, 120.9, 230, 0, 2, False, 1425244577.72884)
(0, -10, 120.9, 120.9, 230, 0, 2, False, 1425244577.830663)
(0, -10, 120.9, 120.9, 230, 0, 2, False, 1425244577.932307)
(0, -10, 120.9, 120.9, 230, 0, 2, False, 1425244578.034002)
(0, -10, 120.9, 120.9, 230, 0, 2, False, 1425244578.135674)
(0, -10, 120.9, 120.9, 230, 0, 2, False, 1425244578.237371)
(0, -10, 120.9, 120.9, 230, 0, 2, False, 1425244578.339677)
(0, -10, 120.9, 120.9, 230, 0, 2, False, 1425244578.444205)
(0, -10, 120.9, 120.9, 230, 0, 2, False, 1425244578.54599)
(0, -10, 120.9, 120.9, 230, 0, 2, False, 1425244578.652938)
(0, -10, 120.9, 120.9, 230, 0, 2, False, 1425244578.754686)
(0, -10, 120.9, 120.9, 230, 0, 2, False, 1425244578.856324)
(0, -10, 120.9, 120.9, 230, 0, 2, False, 1425244578.958214)
(0, -10, 120.9, 120.9, 230, 0, 2, False, 1425244579.061135)
(0, -10, 120.9, 120.9, 230, 0, 2, False, 1425244579.162967)
(0, -10, 120.9, 120.9, 230, 0, 2, False, 1425244579.264593)
(0, -10, 120.9, 120.9, 230, 0, 2, False, 1425244579.369013)
(0, -10, 120.9, 120.9, 230, 0, 2, False, 1425244579.470915)
(0, -10, 120.9, 120.9, 230, 0, 2, False, 1425244579.574723)
(0, -10, 120.9, 120.9, 230, 0, 2, False, 1425244579.678683)
(0, -10, 120.9, 120.9, 230, 0, 2, False, 1425244579.780345)
(0, -10, 120.9, 120.9, 230, 0, 2, False, 1425244579.882262)
(0, -10, 120.9, 120.9, 230, 0, 2, False, 1425244579.988068)
(0, -10, 120.9, 120.9, 230, 0, 2, False, 1425244580.089922)
(0, -10, 120.9, 120.9, 230, 0, 2, False, 1425244580.195179)
(0, -10, 120.9, 120.9, 230, 0, 2, False, 1425244580.296962)
(0, -10, 120.9, 120.9, 230, 0, 2, False, 1425244580.398964)
(0, -10, 120.9, 120.9, 230, 0, 2, False, 1425244580.50068)
(0, -10, 120.9, 120.9, 230, 0, 2, False, 1425244580.602484)
(0, -10, 120.9, 120.9, 230, 0, 2, False, 1425244580.706414)
(0, -10, 120.9, 120.9, 230, 0, 2, False, 1425244580.808152)
(0, -10, 120.9, 120.9, 230, 0, 2, False, 1425244580.912091)
(0, -10, 120.9, 120.9, 230, 0, 2, False, 1425244581.013932)
(0, -10, 120.9, 120.9, 230, 0, 2, False, 1425244581.118243)
(0, -10, 120.9, 120.9, 230, 0, 2, False, 1425244581.220073)
(0, -10, 120.9, 120.9, 230, 0, 2, False, 1425244581.322188)
(0, -10, 120.9, 120.9, 230, 0, 2, False, 1425244581.424085)
(0, -10, 120.9, 120.9, 230, 0, 2, False, 1425244581.525947)
(0, -10, 120.9, 120.9, 230, 0, 2, False, 1425244581.637151)
(0, -10, 120.9, 120.9, 230, 0, 2, False, 1425244581.754116)
(0, -10, 120.9, 120.9, 230, 0, 2, False, 1425244581.857984)
(0, -10, 120.9, 120.9, 230, 0, 2, False, 1425244581.959775)
(0, -10, 120.9, 120.9, 230, 0, 2, False, 1425244582.061494)
(0, -10, 120.9, 120.9, 230, 0, 2, False, 1425244582.166021)
(0, -10, 120.9, 120.9, 230, 0, 2, False, 1425244582.26784)
(0, -10, 120.9, 120.9, 230, 0, 2, False, 1425244582.373179)
(0, -10, 120.9, 120.9, 230, 0, 2, False, 1425244582.475186)
(0, -10, 120.9, 120.9, 230, 0, 2, False, 1425244582.576969)
(0, -10, 120.9, 120.9, 230, 0, 2, False, 1425244582.685391)
(0, -10, 120.9, 120.9, 230, 0, 2, False, 1425244582.78947)
(0, -10, 120.9, 120.9, 230, 0, 2, False, 1425244582.891285)
(0, -10, 120.9, 120.9, 230, 0, 2, False, 1425244582.992908)
(0, -10, 120.9, 120.9, 230, 0, 2, False, 1425244583.098528)
(0, -10, 120.9, 120.9, 230, 0, 2, False, 1425244583.200312)
(0, -10, 120.9, 120.9, 230, 0, 2, False, 1425244583.302529)
(0, -10, 120.9, 120.9, 230, 0, 2, False, 1425244583.404554)
(0, -10, 120.9, 120.9, 230, 0, 2, False, 1425244583.506766)
(0, -10, 120.9, 120.9, 230, 0, 2, False, 1425244583.608554)
(0, -10, 120.9, 120.9, 230, 0, 2, False, 1425244583.71367)
(0, -10, 120.9, 120.9, 230, 0, 2, False, 1425244583.817533)
(0, -10, 120.9, 120.9, 230, 0, 2, False, 1425244583.920108)
(0, -10, 120.9, 120.9, 230, 0, 2, False, 1425244584.022167)
(0, -10, 120.9, 120.9, 230, 0, 2, False, 1425244584.127757)
(0, -10, 120.9, 120.9, 230, 0, 2, False, 1425244584.229408)
(0, -10, 120.9, 120.9, 230, 0, 2, False, 1425244584.3322)
(0, -10, 120.9, 120.9, 230, 0, 2, False, 1425244584.434263)
(0, -10, 120.9, 120.9, 230, 0, 2, False, 1425244584.535954)
(0, -10, 120.9, 120.9, 230, 0, 2, False, 1425244584.637717)
(0, -10, 120.9, 120.9, 230, 0, 2, False, 1425244584.740293)
(0, -10, 120.9, 120.9, 230, 0, 2, False, 1425244584.844574)
(0, -10, 120.9, 120.9, 230, 0, 2, False, 1425244584.948239)
(0, -10, 120.9, 120.9, 230, 0, 2, False, 1425244585.050304)
(0, -10, 120.9, 120.9, 230, 0, 2, False, 1425244585.152432)
(0, -10, 120.9, 120.9, 230, 0, 2, False, 1425244585.25518)
(0, -10, 120.9, 120.9, 230, 0, 2, False, 1425244585.35775)
(0, -10, 120.9, 120.9, 230, 0, 2, False, 1425244585.46034)
(0, -10, 120.9, 120.9, 230, 0, 2, False, 1425244585.56256)
(0, -10, 120.9, 120.9, 230, 0, 2, False, 1425244585.664436)
(0, -10, 120.9, 120.9, 230, 0, 2, False, 1425244585.766342)
(0, -10, 120.9, 120.9, 230, 0, 2, False, 1425244585.87063)
(0, -10, 120.9, 120.9, 230, 0, 2, False, 1425244585.972764)
(0, -10, 120.9, 120.9, 230, 0, 2, False, 1425244586.07476)
(0, -10, 120.9, 120.9, 230, 0, 2, False, 1425244586.180448)
(0, -10, 120.9, 120.9, 230, 0, 2, False, 1425244586.282499)
(0, -10, 120.9, 120.9, 230, 0, 2, False, 1425244586.395387)
(0, -10, 120.9, 120.9, 230, 0, 2, False, 1425244586.497075)
(0, -10, 120.9, 120.9, 230, 0, 2, False, 1425244586.599492)
(0, -10, 120.9, 120.9, 230, 0, 2, False, 1425244586.70163)
(0, -10, 120.9, 120.9, 230, 0, 2, False, 1425244586.803644)
(0, -10, 120.9, 120.9, 230, 0, 2, False, 1425244586.910352)
(0, -10, 120.9, 120.9, 230, 0, 2, False, 1425244587.012531)
(0, -10, 120.9, 120.9, 230, 0, 2, False, 1425244587.114415)
(0, -10, 120.9, 120.9, 230, 0, 2, False, 1425244587.216647)
(0, -10, 120.9, 120.9, 230, 0, 2, False, 1425244587.318768)
(0, -10, 120.9, 120.9, 230, 0, 2, False, 1425244587.420758)
(0, -10, 120.9, 120.9, 230, 0, 2, False, 1425244587.522874)
(0, -10, 120.9, 120.9, 230, 0, 2, False, 1425244587.626749)
(0, -10, 120.9, 120.9, 230, 0, 2, False, 1425244587.728748)
(0, -10, 120.9, 120.9, 230, 0, 2, False, 1425244587.830814)
(0, -10, 120.9, 120.9, 230, 0, 2, False, 1425244587.941793)
(0, -10, 120.9, 120.9, 230, 0, 2, False, 1425244588.04378)
(0, -10, 120.9, 120.9, 230, 0, 2, False, 1425244588.145734)
(0, -10, 120.9, 120.9, 230, 0, 2, False, 1425244588.248078)
(0, -10, 120.9, 120.9, 230, 0, 2, False, 1425244588.352188)
(0, -10, 120.9, 120.9, 230, 0, 2, False, 1425244588.454107)
(0, -10, 120.9, 120.9, 230, 0, 2, False, 1425244588.556327)
(0, -10, 120.9, 120.9, 230, 0, 2, False, 1425244588.658444)
(0, -10, 120.9, 120.9, 230, 0, 2, False, 1425244588.761685)
(0, -10, 120.9, 120.9, 230, 0, 2, False, 1425244588.863749)
(0, -10, 120.9, 120.9, 230, 0, 2, False, 1425244588.968059)
(0, -10, 120.9, 120.9, 230, 0, 2, False, 1425244589.070378)
(0, -10, 120.9, 120.9, 230, 0, 2, False, 1425244589.176295)
(0, -10, 120.9, 120.9, 230, 0, 2, False, 1425244589.278266)
(0, -10, 120.9, 120.9, 230, 0, 2, False, 1425244589.385127)
(0, -10, 120.9, 120.9, 230, 0, 2, False, 1425244589.487099)
(0, -10, 120.9, 120.9, 230, 0, 2, False, 1425244589.592291)
(0, -10, 120.9, 120.9, 230, 0, 2, False, 1425244589.694479)
(0, -10, 120.9, 120.9, 230, 0, 2, False, 1425244589.796577)
(0, -10, 120.9, 120.9, 230, 0, 2, False, 1425244589.902924)
(0, -10, 120.9, 120.9, 230, 0, 2, False, 1425244590.006765)
(0, -10, 120.9, 120.9, 230, 0, 2, False, 1425244590.108689)
(0, -10, 120.9, 120.9, 230, 0, 2, False, 1425244590.213384)
(0, -10, 120.9, 120.9, 230, 0, 2, False, 1425244590.315299)
(0, -10, 120.9, 120.9, 230, 0, 2, False, 1425244590.417513)
(0, -10, 120.9, 120.9, 230, 0, 2, False, 1425244590.520029)
(0, -10, 120.9, 120.9, 230, 0, 2, False, 1425244590.624553)
(0, -10, 120.9, 120.9, 230, 0, 2, False, 1425244590.726726)
(0, -10, 120.9, 120.9, 230, 0, 2, False, 1425244590.828903)
(0, -10, 120.9, 120.9, 230, 0, 2, False, 1425244590.930862)
(0, -10, 120.9, 120.9, 230, 0, 2, False, 1425244591.037869)
(0, -10, 120.9, 120.9, 230, 0, 2, False, 1425244591.139676)
(0, -10, 120.9, 120.9, 230, 0, 2, False, 1425244591.242398)
(0, -10, 120.9, 120.9, 230, 0, 2, False, 1425244591.344441)
(0, -10, 120.9, 120.9, 230, 0, 2, False, 1425244591.448504)
(0, -10, 120.9, 120.9, 230, 0, 2, False, 1425244591.550854)
(0, -10, 120.9, 120.9, 230, 0, 2, False, 1425244591.657971)
(0, -10, 120.9, 120.9, 230, 0, 2, False, 1425244591.760625)
(0, -10, 120.9, 120.9, 230, 0, 2, False, 1425244591.862794)
(0, -10, 120.9, 120.9, 230, 0, 2, False, 1425244591.964839)
(0, -10, 120.9, 120.9, 230, 0, 2, False, 1425244592.072567)
(0, -10, 120.9, 120.9, 230, 0, 2, False, 1425244592.175469)
(0, -10, 120.9, 120.9, 230, 0, 2, False, 1425244592.277433)
(0, -10, 120.9, 120.9, 230, 0, 2, False, 1425244592.381512)
(0, -10, 120.9, 120.9, 230, 0, 2, False, 1425244592.488579)
(0, -10, 120.9, 120.9, 230, 0, 2, False, 1425244592.591073)
(0, -10, 120.9, 120.9, 230, 0, 2, False, 1425244592.693144)
(0, -10, 120.9, 120.9, 230, 0, 2, False, 1425244592.795578)
(0, -10, 120.9, 120.9, 230, 0, 2, False, 1425244592.897231)
(0, -10, 120.9, 120.9, 230, 0, 2, False, 1425244592.999438)
(0, -10, 120.9, 120.9, 230, 0, 2, False, 1425244593.103933)
(0, -10, 120.9, 120.9, 230, 0, 2, False, 1425244593.206557)
(0, -10, 120.9, 120.9, 230, 0, 2, False, 1425244593.309549)
(0, -10, 120.9, 120.9, 230, 0, 2, False, 1425244593.412216)
(0, -10, 120.9, 120.9, 230, 0, 2, False, 1425244593.513974)
(0, -10, 120.9, 120.9, 230, 0, 2, False, 1425244593.615865)
(0, -10, 120.9, 120.9, 230, 0, 2, False, 1425244593.717621)
(0, -10, 120.9, 120.9, 230, 0, 2, False, 1425244593.819581)
(0, -10, 120.9, 120.9, 230, 0, 2, False, 1425244593.924119)
(0, -10, 120.9, 120.9, 230, 0, 2, False, 1425244594.026007)
(0, -10, 120.9, 120.9, 230, 0, 2, False, 1425244594.130872)
(0, -10, 120.9, 120.9, 230, 0, 2, False, 1425244594.232759)
(0, -10, 120.9, 120.9, 230, 0, 2, False, 1425244594.334871)
(0, -10, 120.9, 120.9, 230, 0, 2, False, 1425244594.441258)
(0, -10, 120.9, 120.9, 230, 0, 2, False, 1425244594.543572)
(0, -10, 120.9, 120.9, 230, 0, 2, False, 1425244594.645536)
