(0, -10, 0, 316.70194798219575, 230, 0, 2, False, 1425251976.041009)
(0, -10, 0, 316.70194798219575, 230, 0, 2, False, 1425251976.142044)
(0, -10, 0, 45.0, 0.0, 0.0, 2, False, 1425251976.242969)
(0, -10, 0, 45.0, 0.0, 0.0, 2, False, 1425251976.346644)
(0, -10, 0, 45.0, 0.0, 0.0, 2, False, 1425251976.448225)
(0, -10, 0, 45.0, 0.0, 0.0, 2, False, 1425251976.550559)
(0, -10, 0, 45.0, 0.0, 0.0, 2, False, 1425251976.657883)
(0, -10, 0, 45.0, 0.0, 0.0, 2, False, 1425251976.76004)
(0, -10, 0, 45.0, 0.0, 0.0, 2, False, 1425251976.86192)
(0, -10, 0, 45.0, 0.0, 0.0, 2, False, 1425251976.97194)
(0, -10, 0, 45.0, 0.0, 0.0, 2, False, 1425251977.086234)
(0, -10, 0, 45.0, 0.0, 0.0, 2, False, 1425251977.188396)
(0, -10, 0, 45.0, 0.0, 0.0, 2, False, 1425251977.290169)
(0, -10, 0, 45.0, 0.0, 0.0, 2, False, 1425251977.392562)
(0, -10, 0, 45.0, 0.0, 0.0, 2, False, 1425251977.494472)
(0, -10, 0, 316.70194798219575, 8.499999999757053, 0.03, 2, False, 1425251977.599166)
(0, -10, 0, 316.70194798219575, 8.499999999757053, 0.03, 2, False, 1425251977.701524)
(0, -10, 0, 316.70194798219575, 8.499999999757053, 0.03, 2, False, 1425251977.804326)
(0, -10, 0, 316.70194798219575, 8.499999999757053, 0.03, 2, False, 1425251977.906701)
(0, -10, 0, 316.70194798219575, 8.499999999757053, 0.03, 2, False, 1425251978.008828)
(0, -10, 0, 316.70194798219575, 8.499999999757053, 0.03, 2, False, 1425251978.120821)
(44.222406666666664, -10, 0, 294.56111914918733, 8.499999999757053, 0.03, 2, True, 1425251978.223767)
(44.222406666666664, -76.48577666666667, 0, 145.29779838310583, 8.499999999757053, 0.03, 2, True, 1425251978.325962)
(44.222406666666664, -76.48577666666667, 0, 145.29779838310583, 8.499999999757053, 0.03, 2, True, 1425251978.432667)
(44.222406666666664, -76.48577666666667, 0, 145.29779838310583, 8.499999999757053, 0.03, 2, True, 1425251978.534668)
(44.222406666666664, -76.48577666666667, 0, 145.29779838310583, 9.205886098736203, 0.050997290723859515, 2, True, 1425251978.63974)
(44.222406666666664, -76.48577666666667, 0, 145.29779838310583, 9.205886098736203, 0.050997290723859515, 2, True, 1425251978.7437)
(44.222406666666664, -76.48577666666667, 0, 145.29779838310583, 9.205886098736203, 0.050997290723859515, 2, True, 1425251978.846156)
(44.222406666666664, -76.48577666666667, 0, 145.29779838310583, 9.205886098736203, 0.050997290723859515, 2, True, 1425251978.948201)
(44.222406666666664, -76.48577666666667, 0, 145.29779838310583, 9.205886098736203, 0.050997290723859515, 2, True, 1425251979.050409)
(44.222406666666664, -76.48577666666667, 0, 145.29779838310583, 9.205886098736203, 0.050997290723859515, 2, True, 1425251979.165353)
(44.222406666666664, -76.48577666666667, 0, 145.29779838310583, 9.205886098736203, 0.050997290723859515, 2, True, 1425251979.267702)
(44.222406666666664, -76.48577666666667, 0, 145.29779838310583, 9.205886098736203, 0.050997290723859515, 2, True, 1425251979.369895)
(44.222406666666664, -76.48577666666667, 0, 145.29779838310583, 9.205886098736203, 0.050997290723859515, 2, True, 1425251979.476587)
(44.222406666666664, -76.48577666666667, 0, 145.29779838310583, 7.833325422718377, 0.06567567202933271, 2, True, 1425251979.579008)
(44.222406666666664, -76.48577666666667, 0, 145.29779838310583, 7.833325422718377, 0.06567567202933271, 2, True, 1425251979.683516)
(44.222406666666664, -76.48577666666667, 0, 145.29779838310583, 7.833325422718377, 0.06567567202933271, 2, True, 1425251979.785992)
(44.222406666666664, -76.48577666666667, 0, 145.29779838310583, 7.833325422718377, 0.06567567202933271, 2, True, 1425251979.888144)
(44.222406666666664, -76.48577666666667, 0, 145.29779838310583, 7.833325422718377, 0.06567567202933271, 2, True, 1425251979.990481)
(44.222406666666664, -76.48577666666667, 0, 145.29779838310583, 7.833325422718377, 0.06567567202933271, 2, True, 1425251980.092568)
(44.222406666666664, -76.48577666666667, 0, 145.29779838310583, 7.833325422718377, 0.06567567202933271, 2, True, 1425251980.207809)
(44.222406666666664, -76.48577666666667, 0, 145.29779838310583, 4.9385692157984975, 0.07582433460958518, 2, True, 1425251980.30988)
(44.222406666666664, -76.48577666666667, 0, 145.29779838310583, 4.9385692157984975, 0.07582433460958518, 2, True, 1425251980.412102)
(44.222406666666664, -76.48577666666667, 0, 145.29779838310583, 4.9385692157984975, 0.07582433460958518, 2, True, 1425251980.517836)
(44.222406666666664, -76.48577666666667, 0, 145.29779838310583, 4.9385692157984975, 0.07582433460958518, 2, True, 1425251980.620295)
(44.222406666666664, -76.48577666666667, 0, 145.29779838310583, 4.9385692157984975, 0.07582433460958518, 2, True, 1425251980.73072)
(44.222406666666664, -76.48577666666667, 0, 145.29779838310583, 4.9385692157984975, 0.07582433460958518, 2, True, 1425251980.832959)
(44.222406666666664, -76.48577666666667, 0, 145.29779838310583, 4.9385692157984975, 0.07582433460958518, 2, True, 1425251980.935159)
(44.222406666666664, -76.48577666666667, 0, 145.29779838310583, 4.9385692157984975, 0.07582433460958518, 2, True, 1425251981.037517)
(44.222406666666664, -76.48577666666667, 0, 145.29779838310583, 4.9385692157984975, 0.07582433460958518, 2, True, 1425251981.139586)
(44.222406666666664, -76.48577666666667, 0, 145.29779838310583, 4.9385692157984975, 0.07582433460958518, 2, True, 1425251981.254338)
(44.222408333333334, -76.48577666666667, 0, 145.31016641203837, 4.9385692157984975, 0.07582433460958518, 2, True, 1425251981.357007)
(44.222408333333334, -76.48577666666667, 0, 145.31016641203837, 4.93856921015536, 0.053077034226709625, 2, True, 1425251981.459305)
(44.222408333333334, -76.48577666666667, 0, 145.31016641203837, 4.93856921015536, 0.053077034226709625, 2, True, 1425251981.561396)
(44.222408333333334, -76.48577666666667, 0, 145.31016641203837, 4.93856921015536, 0.053077034226709625, 2, True, 1425251981.667094)
(44.222408333333334, -76.48577666666667, 0, 145.31016641203837, 4.93856921015536, 0.053077034226709625, 2, True, 1425251981.771243)
(44.222408333333334, -76.48577666666667, 0, 145.31016641203837, 4.93856921015536, 0.053077034226709625, 2, True, 1425251981.874494)
(44.222408333333334, -76.48577666666667, 0, 145.31016641203837, 4.93856921015536, 0.053077034226709625, 2, True, 1425251981.979942)
(44.222408333333334, -76.48577666666667, 0, 145.31016641203837, 4.93856921015536, 0.053077034226709625, 2, True, 1425251982.082411)
(44.222408333333334, -76.48577666666667, 0, 145.31016641203837, 4.93856921015536, 0.053077034226709625, 2, True, 1425251982.188663)
(44.222408333333334, -76.48577666666667, 0, 145.31016641203837, 4.93856921015536, 0.053077034226709625, 2, True, 1425251982.304005)
(44.222408333333334, -76.48577666666667, 0, 145.31016641203837, 4.9385692045122225, 0.03715392395869674, 2, True, 1425251982.406341)
(44.222408333333334, -76.48577666666667, 0, 145.31016641203837, 4.9385692045122225, 0.03715392395869674, 2, True, 1425251982.510461)
(44.222408333333334, -76.48577666666667, 0, 145.31016641203837, 4.9385692045122225, 0.03715392395869674, 2, True, 1425251982.612328)
(44.222408333333334, -76.48577666666667, 0, 145.31016641203837, 4.9385692045122225, 0.03715392395869674, 2, True, 1425251982.715043)
(44.222408333333334, -76.48577666666667, 0, 145.31016641203837, 4.9385692045122225, 0.03715392395869674, 2, True, 1425251982.819541)
(44.222408333333334, -76.48577666666667, 0, 145.31016641203837, 4.9385692045122225, 0.03715392395869674, 2, True, 1425251982.922167)
(44.222408333333334, -76.48577666666667, 0, 145.31016641203837, 4.9385692045122225, 0.03715392395869674, 2, True, 1425251983.026712)
(44.222408333333334, -76.48577666666667, 0, 145.31016641203837, 4.9385692045122225, 0.03715392395869674, 2, True, 1425251983.129186)
(44.222408333333334, -76.48577666666667, 0, 145.31016641203837, 4.9385692045122225, 0.03715392395869674, 2, True, 1425251983.233071)
(44.222408333333334, -76.48577666666667, 0, 145.31016641203837, 4.9385692045122225, 0.03715392395869674, 2, True, 1425251983.351051)
(44.222408333333334, -76.48577666666667, 0, 145.31016641203837, 4.938569198869085, 0.026007746771087716, 2, True, 1425251983.454025)
(44.222408333333334, -76.48577666666667, 0, 145.31016641203837, 4.938569198869085, 0.026007746771087716, 2, True, 1425251983.55947)
(44.222408333333334, -76.48577666666667, 0, 145.31016641203837, 4.938569198869085, 0.026007746771087716, 2, True, 1425251983.66219)
(44.222408333333334, -76.48577666666667, 0, 145.31016641203837, 4.938569198869085, 0.026007746771087716, 2, True, 1425251983.764498)
(44.222408333333334, -76.48577666666667, 0, 145.31016641203837, 4.938569198869085, 0.026007746771087716, 2, True, 1425251983.868502)
(44.222408333333334, -76.48577666666667, 0, 145.31016641203837, 4.938569198869085, 0.026007746771087716, 2, True, 1425251983.975752)
(44.222408333333334, -76.48577666666667, 0, 145.31016641203837, 4.938569198869085, 0.026007746771087716, 2, True, 1425251984.078514)
(44.222408333333334, -76.48577666666667, 0, 145.31016641203837, 4.938569198869085, 0.026007746771087716, 2, True, 1425251984.180647)
(44.222408333333334, -76.48577666666667, 0, 145.31016641203837, 4.938569198869085, 0.026007746771087716, 2, True, 1425251984.286459)
(44.222408333333334, -76.48577666666667, 0, 145.31016641203837, 4.938569198869085, 0.026007746771087716, 2, True, 1425251984.400345)
(44.222408333333334, -76.48577833333333, 0, 145.2973659947288, 4.938569198869085, 0.026007746771087716, 2, True, 1425251984.503112)
(44.222408333333334, -76.48577833333333, 0, 145.2973659947288, 4.938569198869085, 0.026007746771087716, 2, True, 1425251984.605147)
(44.222408333333334, -76.48577833333333, 0, 145.2973659947288, 4.938569198869085, 0.026007746771087716, 2, True, 1425251984.712531)
(44.222408333333334, -76.48577833333333, 0, 145.2973659947288, 4.938569198869085, 0.026007746771087716, 2, True, 1425251984.815095)
(44.222408333333334, -76.48577833333333, 0, 145.2973659947288, 4.938569198869085, 0.026007746771087716, 2, True, 1425251984.923145)
(44.222408333333334, -76.48577833333333, 0, 145.2973659947288, 4.938569198869085, 0.026007746771087716, 2, True, 1425251985.02657)
(44.222408333333334, -76.48577833333333, 0, 145.2973659947288, 4.938569198869085, 0.026007746771087716, 2, True, 1425251985.128865)
(44.222408333333334, -76.48577833333333, 0, 145.2973659947288, 4.938569198869085, 0.026007746771087716, 2, True, 1425251985.230927)
(44.222408333333334, -76.48577833333333, 0, 145.2973659947288, 4.938569198869085, 0.026007746771087716, 2, True, 1425251985.337479)
(44.222408333333334, -76.48577833333333, 0, 145.2973659947288, 4.938569198869085, 0.026007746771087716, 2, True, 1425251985.456437)
(44.222408333333334, -76.48577833333333, 0, 145.2973659947288, 4.9385691932259475, 0.0182054227397614, 2, True, 1425251985.559598)
(44.222408333333334, -76.48577833333333, 0, 145.2973659947288, 4.9385691932259475, 0.0182054227397614, 2, True, 1425251985.66182)
(44.222408333333334, -76.48577833333333, 0, 145.2973659947288, 4.9385691932259475, 0.0182054227397614, 2, True, 1425251985.764108)
(44.222408333333334, -76.48577833333333, 0, 145.2973659947288, 4.9385691932259475, 0.0182054227397614, 2, True, 1425251985.866241)
(44.222408333333334, -76.48577833333333, 0, 145.2973659947288, 4.9385691932259475, 0.0182054227397614, 2, True, 1425251985.970309)
(44.222408333333334, -76.48577833333333, 0, 145.2973659947288, 4.9385691932259475, 0.0182054227397614, 2, True, 1425251986.077685)
(44.222408333333334, -76.48577833333333, 0, 145.2973659947288, 4.9385691932259475, 0.0182054227397614, 2, True, 1425251986.180626)
(44.222408333333334, -76.48577833333333, 0, 145.2973659947288, 4.9385691932259475, 0.0182054227397614, 2, True, 1425251986.282611)
(44.222408333333334, -76.48577833333333, 0, 145.2973659947288, 4.9385691932259475, 0.0182054227397614, 2, True, 1425251986.387923)
(44.222408333333334, -76.48577833333333, 0, 145.2973659947288, 4.9385691932259475, 0.0182054227397614, 2, True, 1425251986.506497)
(44.222408333333334, -76.48577833333333, 0, 145.2973659947288, 4.938569187582809, 0.012743795917832978, 2, True, 1425251986.608686)
(44.222408333333334, -76.48577833333333, 0, 145.2973659947288, 4.938569187582809, 0.012743795917832978, 2, True, 1425251986.710958)
(44.222408333333334, -76.48577833333333, 0, 145.2973659947288, 4.938569187582809, 0.012743795917832978, 2, True, 1425251986.813069)
(44.222408333333334, -76.48577833333333, 0, 145.2973659947288, 4.938569187582809, 0.012743795917832978, 2, True, 1425251986.915479)
(44.222408333333334, -76.48577833333333, 0, 145.2973659947288, 4.938569187582809, 0.012743795917832978, 2, True, 1425251987.02006)
(44.222408333333334, -76.48577833333333, 0, 145.2973659947288, 4.938569187582809, 0.012743795917832978, 2, True, 1425251987.123874)
(44.222406666666664, -76.48577833333333, 0, 145.2849958886477, 4.938569187582809, 0.012743795917832978, 2, True, 1425251987.225851)
(44.222406666666664, -76.48577833333333, 0, 145.2849958886477, 4.938569187582809, 0.012743795917832978, 2, True, 1425251987.328261)
(44.222406666666664, -76.48577833333333, 0, 145.2849958886477, 4.938569187582809, 0.012743795917832978, 2, True, 1425251987.434112)
(44.222406666666664, -76.48577833333333, 0, 145.2849958886477, 4.9385691819396715, 0.008920657142483083, 2, True, 1425251987.550064)
(44.222406666666664, -76.48577833333333, 0, 145.2849958886477, 4.9385691819396715, 0.008920657142483083, 2, True, 1425251987.652468)
(44.222406666666664, -76.48577833333333, 0, 145.2849958886477, 4.9385691819396715, 0.008920657142483083, 2, True, 1425251987.757239)
(44.222406666666664, -76.48577833333333, 0, 145.2849958886477, 4.9385691819396715, 0.008920657142483083, 2, True, 1425251987.859665)
(44.222406666666664, -76.48577833333333, 0, 145.2849958886477, 4.9385691819396715, 0.008920657142483083, 2, True, 1425251987.961719)
(44.222406666666664, -76.48577833333333, 0, 145.2849958886477, 4.9385691819396715, 0.008920657142483083, 2, True, 1425251988.067373)
(44.222406666666664, -76.48577833333333, 0, 145.2849958886477, 4.9385691819396715, 0.008920657142483083, 2, True, 1425251988.169488)
(44.222406666666664, -76.48577833333333, 0, 145.2849958886477, 4.9385691819396715, 0.008920657142483083, 2, True, 1425251988.271799)
(44.222406666666664, -76.48577833333333, 0, 145.2849958886477, 4.9385691819396715, 0.008920657142483083, 2, True, 1425251988.373941)
(44.222406666666664, -76.48577833333333, 0, 145.2849958886477, 4.9385691819396715, 0.008920657142483083, 2, True, 1425251988.479221)
(44.222406666666664, -76.48577833333333, 0, 145.2849958886477, 4.938569176296533, 0.0062444599997381585, 2, True, 1425251988.595846)
(44.222406666666664, -76.48577833333333, 0, 145.2849958886477, 4.938569176296533, 0.0062444599997381585, 2, True, 1425251988.698096)
(44.222406666666664, -76.48577833333333, 0, 145.2849958886477, 4.938569176296533, 0.0062444599997381585, 2, True, 1425251988.800146)
(44.222406666666664, -76.48577833333333, 0, 145.2849958886477, 4.938569176296533, 0.0062444599997381585, 2, True, 1425251988.902889)
(44.222406666666664, -76.48577833333333, 0, 145.2849958886477, 4.938569176296533, 0.0062444599997381585, 2, True, 1425251989.005064)
