(0, -10, 0, 316.70194798219575, 230, 0, 2, False, 1425244994.93916)
(0, -10, 0, 316.70194798219575, 230, 0, 2, False, 1425244995.040053)
(0, -10, 0, 316.70194798219575, 230, 0, 2, False, 1425244995.141309)
(0, -10, 0, 316.70194798219575, 230, 0, 2, False, 1425244995.242252)
(0, -10, 0, 316.70194798219575, 230, 0, 2, False, 1425244995.343237)
(0, -10, 0, 316.70194798219575, 230, 0, 2, False, 1425244995.444672)
(0, -10, 0, 316.70194798219575, 230, 0, 2, False, 1425244995.550941)
(0, -10, 0, 316.70194798219575, 230, 0, 2, False, 1425244995.65276)
(0, -10, 0, 316.70194798219575, 230, 0, 2, False, 1425244995.757227)
(0, -10, 0, 316.70194798219575, 230, 0, 2, False, 1425244995.859018)
(0, -10, 0, 316.70194798219575, 230, 0, 2, False, 1425244995.96905)
(0, -10, 0, 316.70194798219575, 230, 0, 2, False, 1425244996.070869)
(0, -10, 0, 316.70194798219575, 230, 0, 2, False, 1425244996.172606)
(0, -10, 0, 316.70194798219575, 230, 0, 2, False, 1425244996.274236)
(0, -10, 0, 316.70194798219575, 230, 0, 2, False, 1425244996.375797)
(0, -10, 0, 316.70194798219575, 230, 0, 2, False, 1425244996.477738)
(0, -10, 0, 316.70194798219575, 230, 0, 2, False, 1425244996.579806)
(0, -10, 0, 316.70194798219575, 230, 0, 2, False, 1425244996.682137)
(0, -10, 0, 316.70194798219575, 230, 0, 2, False, 1425244996.784002)
(0, -10, 0, 316.70194798219575, 230, 0, 2, False, 1425244996.885901)
(0, -10, 0, 316.70194798219575, 230, 0, 2, False, 1425244997.000289)
(0, -10, 0, 316.70194798219575, 230, 0, 2, False, 1425244997.102498)
(0, -10, 0, 316.70194798219575, 230, 0, 2, False, 1425244997.204427)
(0, -10, 0, 316.70194798219575, 230, 0, 2, False, 1425244997.306196)
(0, -10, 0, 316.70194798219575, 230, 0, 2, False, 1425244997.409612)
(0, -10, 0, 316.70194798219575, 230, 0, 2, False, 1425244997.513924)
(0, -10, 0, 316.70194798219575, 230, 0, 2, False, 1425244997.617589)
