(0, -10, 75.2, 79.23935185185185, 230, 0, 2, True, 1425245798.532358)
(0, -10, 75.4, 79.43935185185185, 230, 0, 2, True, 1425245798.634893)
(0, -10, 75.4, 79.43935185185185, 230, 0, 2, True, 1425245798.738588)
(0, -10, 75.4, 79.43935185185185, 230, 0, 2, True, 1425245798.843331)
(0, -10, 75.4, 79.43935185185185, 230, 0, 2, True, 1425245798.945654)
(0, -10, 75.4, 79.43935185185185, 230, 0, 2, True, 1425245799.049791)
(0, -10, 75.4, 79.43935185185185, 230, 0, 2, True, 1425245799.153471)
(0, -10, 75.4, 79.43935185185185, 230, 0, 2, True, 1425245799.254511)
(0, -10, 75.4, 79.43935185185185, 230, 0, 2, True, 1425245799.356501)
(0, -10, 75.4, 79.43935185185185, 230, 0, 2, True, 1425245799.461529)
(0, -10, 75.3, 78.99243421052631, 230, 0, 2, True, 1425245804.426619)
(0, -10, 75.3, 78.99243421052631, 230, 0, 2, True, 1425245804.53175)
(0, -10, 75.3, 78.99243421052631, 230, 0, 2, True, 1425245804.633738)
(0, -10, 75.3, 78.99243421052631, 230, 0, 2, True, 1425245804.737261)
(0, -10, 75.3, 78.99243421052631, 230, 0, 2, True, 1425245804.841026)
(0, -10, 75.3, 78.99243421052631, 230, 0, 2, True, 1425245804.945522)
(0, -10, 75.3, 78.99243421052631, 230, 0, 2, True, 1425245805.047152)
(0, -10, 75.3, 78.99243421052631, 230, 0, 2, True, 1425245805.150384)
(0, -10, 75.3, 78.99243421052631, 230, 0, 2, True, 1425245805.255983)
(0, -10, 75.3, 78.99243421052631, 230, 0, 2, True, 1425245805.357477)
(0, -10, 75.4, 79.01530172413793, 230, 0, 2, True, 1425245810.242602)
(0, -10, 75.4, 79.01530172413793, 230, 0, 2, True, 1425245810.345056)
(0, -10, 75.4, 79.01530172413793, 230, 0, 2, True, 1425245810.446744)
(0, -10, 75.4, 79.01530172413793, 230, 0, 2, True, 1425245810.548494)
(0, -10, 75.4, 79.01530172413793, 230, 0, 2, True, 1425245810.649738)
(0, -10, 75.4, 79.01530172413793, 230, 0, 2, True, 1425245810.752712)
(0, -10, 75.4, 79.01530172413793, 230, 0, 2, True, 1425245810.855839)
(0, -10, 75.4, 79.01530172413793, 230, 0, 2, True, 1425245810.957965)
(0, -10, 75.4, 79.01530172413793, 230, 0, 2, True, 1425245811.059736)
(0, -10, 75.4, 79.01530172413793, 230, 0, 2, True, 1425245811.162116)
(0, -10, 75.4, 78.57708333333333, 230, 0, 2, True, 1425245815.809149)
(0, -10, 75.4, 78.57708333333333, 230, 0, 2, True, 1425245815.911021)
(0, -10, 75.4, 78.57708333333333, 230, 0, 2, True, 1425245816.012721)
(0, -10, 75.4, 78.57708333333333, 230, 0, 2, True, 1425245816.114118)
(0, -10, 75.4, 78.57708333333333, 230, 0, 2, True, 1425245816.215994)
(0, -10, 75.4, 78.57708333333333, 230, 0, 2, True, 1425245816.323581)
(0, -10, 75.4, 78.57708333333333, 230, 0, 2, True, 1425245816.426023)
(0, -10, 75.4, 78.57708333333333, 230, 0, 2, True, 1425245816.52846)
(0, -10, 75.4, 78.57708333333333, 230, 0, 2, True, 1425245816.630895)
(0, -10, 75.4, 78.57708333333333, 230, 0, 2, True, 1425245816.736858)
(0, -10, 75.4, 85.30953947368423, 230, 0, 2, True, 1425245821.633143)
(0, -10, 75.4, 85.30953947368423, 230, 0, 2, True, 1425245821.735221)
(0, -10, 75.4, 85.30953947368423, 230, 0, 2, True, 1425245821.837372)
(0, -10, 75.4, 85.30953947368423, 230, 0, 2, True, 1425245821.939272)
(0, -10, 75.4, 85.30953947368423, 230, 0, 2, True, 1425245822.041265)
(0, -10, 75.4, 85.30953947368423, 230, 0, 2, True, 1425245822.149963)
(0, -10, 75.4, 85.30953947368423, 230, 0, 2, True, 1425245822.253986)
(0, -10, 75.4, 85.30953947368423, 230, 0, 2, True, 1425245822.35636)
(0, -10, 75.4, 85.30953947368423, 230, 0, 2, True, 1425245822.460054)
(0, -10, 75.4, 85.30953947368423, 230, 0, 2, True, 1425245822.566409)
(0, -10, 75.3, 86.41328125, 230, 0, 2, True, 1425245827.520347)
(0, -10, 75.3, 86.41328125, 230, 0, 2, True, 1425245827.622486)
(0, -10, 75.3, 86.41328125, 230, 0, 2, True, 1425245827.724781)
(0, -10, 75.3, 86.41328125, 230, 0, 2, True, 1425245827.826791)
(0, -10, 75.3, 86.41328125, 230, 0, 2, True, 1425245827.929068)
(0, -10, 75.3, 86.41328125, 230, 0, 2, True, 1425245828.035004)
(0, -10, 75.3, 86.41328125, 230, 0, 2, True, 1425245828.137403)
(0, -10, 75.3, 86.41328125, 230, 0, 2, True, 1425245828.244371)
(0, -10, 75.3, 86.41328125, 230, 0, 2, True, 1425245828.346609)
(0, -10, 75.3, 86.41328125, 230, 0, 2, True, 1425245828.45312)
(0, -10, 75.3, 92.2921875, 230, 0, 2, True, 1425245833.498742)
(0, -10, 75.3, 92.2921875, 230, 0, 2, True, 1425245833.600452)
(0, -10, 75.3, 92.2921875, 230, 0, 2, True, 1425245833.702424)
(0, -10, 75.3, 92.2921875, 230, 0, 2, True, 1425245833.805193)
(0, -10, 75.3, 92.2921875, 230, 0, 2, True, 1425245833.907484)
(0, -10, 75.3, 92.2921875, 230, 0, 2, True, 1425245834.009193)
(0, -10, 75.3, 92.2921875, 230, 0, 2, True, 1425245834.110739)
(0, -10, 75.3, 92.2921875, 230, 0, 2, True, 1425245834.212393)
(0, -10, 75.3, 92.2921875, 230, 0, 2, True, 1425245834.314439)
(0, -10, 75.3, 92.2921875, 230, 0, 2, True, 1425245834.416933)
(0, -10, 75.4, 95.7125, 230, 0, 2, True, 1425245839.691593)
(0, -10, 75.4, 95.7125, 230, 0, 2, True, 1425245839.794249)
(0, -10, 75.4, 95.7125, 230, 0, 2, True, 1425245839.898715)
(0, -10, 75.4, 95.7125, 230, 0, 2, True, 1425245840.000504)
(0, -10, 75.4, 95.7125, 230, 0, 2, True, 1425245840.1021)
(0, -10, 75.4, 95.7125, 230, 0, 2, True, 1425245840.205788)
(0, -10, 75.4, 95.7125, 230, 0, 2, True, 1425245840.308139)
(0, -10, 75.4, 95.7125, 230, 0, 2, True, 1425245840.410468)
(0, -10, 75.4, 95.7125, 230, 0, 2, True, 1425245840.512133)
(0, -10, 75.4, 95.7125, 230, 0, 2, True, 1425245840.613924)
(0, -10, 75.3, 91.89375, 230, 0, 2, True, 1425245845.857896)
(0, -10, 75.3, 91.89375, 230, 0, 2, True, 1425245845.960372)
(0, -10, 75.3, 91.89375, 230, 0, 2, True, 1425245846.063923)
(0, -10, 75.3, 91.89375, 230, 0, 2, True, 1425245846.167107)
(0, -10, 75.3, 91.89375, 230, 0, 2, True, 1425245846.269473)
(0, -10, 75.3, 91.89375, 230, 0, 2, True, 1425245846.374628)
(0, -10, 75.3, 91.89375, 230, 0, 2, True, 1425245846.476904)
(0, -10, 75.3, 91.89375, 230, 0, 2, True, 1425245846.591991)
(0, -10, 75.3, 91.89375, 230, 0, 2, True, 1425245846.696892)
(0, -10, 75.3, 91.89375, 230, 0, 2, True, 1425245846.799739)
