(0, -10, 75.4, 82.4945945945946, 230, 0, 2, True, 1425245945.004359)
(0, -10, 75.4, 82.4945945945946, 230, 0, 2, True, 1425245945.106362)
(0, -10, 75.4, 82.4945945945946, 230, 0, 2, True, 1425245945.210275)
(0, -10, 75.4, 82.4945945945946, 230, 0, 2, True, 1425245945.312419)
(0, -10, 75.4, 82.4945945945946, 230, 0, 2, True, 1425245945.414301)
(0, -10, 75.4, 82.4945945945946, 230, 0, 2, True, 1425245945.523443)
(0, -10, 75.4, 82.4945945945946, 230, 0, 2, True, 1425245945.626578)
(0, -10, 75.4, 82.4945945945946, 230, 0, 2, True, 1425245945.729235)
(0, -10, 75.4, 82.4945945945946, 230, 0, 2, True, 1425245945.831309)
(0, -10, 75.4, 82.4945945945946, 230, 0, 2, True, 1425245945.93324)
(0, -10, 75.3, 84.46666666666667, 230, 0, 2, True, 1425245949.287931)
(0, -10, 75.3, 84.46666666666667, 230, 0, 2, True, 1425245949.389482)
(0, -10, 75.3, 84.46666666666667, 230, 0, 2, True, 1425245949.498784)
(0, -10, 75.3, 84.46666666666667, 230, 0, 2, True, 1425245949.600514)
(0, -10, 75.3, 84.46666666666667, 230, 0, 2, True, 1425245949.708679)
(0, -10, 75.3, 84.46666666666667, 230, 0, 2, True, 1425245949.819888)
(0, -10, 75.3, 84.46666666666667, 230, 0, 2, True, 1425245949.9228)
(0, -10, 75.3, 84.46666666666667, 230, 0, 2, True, 1425245950.024385)
(0, -10, 75.3, 84.46666666666667, 230, 0, 2, True, 1425245950.129115)
(0, -10, 75.3, 84.46666666666667, 230, 0, 2, True, 1425245950.231407)
(0, -10, 75.4, 83.80277777777779, 230, 0, 2, True, 1425245953.580673)
(0, -10, 75.4, 83.80277777777779, 230, 0, 2, True, 1425245953.682858)
(0, -10, 75.4, 83.80277777777779, 230, 0, 2, True, 1425245953.785413)
(0, -10, 75.4, 83.80277777777779, 230, 0, 2, True, 1425245953.887701)
(0, -10, 75.4, 83.80277777777779, 230, 0, 2, True, 1425245953.989685)
(0, -10, 75.4, 83.80277777777779, 230, 0, 2, True, 1425245954.095252)
(0, -10, 75.4, 83.80277777777779, 230, 0, 2, True, 1425245954.197704)
(0, -10, 75.4, 83.80277777777779, 230, 0, 2, True, 1425245954.303587)
(0, -10, 75.4, 83.80277777777779, 230, 0, 2, True, 1425245954.406287)
(0, -10, 75.4, 83.80277777777779, 230, 0, 2, True, 1425245954.508778)
(0, -10, 75.4, 90.7125, 230, 0, 2, True, 1425245957.816779)
(0, -10, 75.4, 90.7125, 230, 0, 2, True, 1425245957.92204)
(0, -10, 75.4, 90.7125, 230, 0, 2, True, 1425245958.024586)
(0, -10, 75.4, 90.7125, 230, 0, 2, True, 1425245958.127179)
(0, -10, 75.4, 90.7125, 230, 0, 2, True, 1425245958.233171)
(0, -10, 75.4, 90.7125, 230, 0, 2, True, 1425245958.337472)
(0, -10, 75.5, 90.8125, 230, 0, 2, True, 1425245958.439508)
(0, -10, 75.5, 90.8125, 230, 0, 2, True, 1425245958.54564)
(0, -10, 75.5, 90.8125, 230, 0, 2, True, 1425245958.647786)
(0, -10, 75.5, 90.8125, 230, 0, 2, True, 1425245958.750314)
(0, -10, 75.4, 80.17272727272727, 230, 0, 2, True, 1425245962.39554)
(0, -10, 75.4, 80.17272727272727, 230, 0, 2, True, 1425245962.50264)
(0, -10, 75.4, 80.17272727272727, 230, 0, 2, True, 1425245962.604807)
(0, -10, 75.4, 80.17272727272727, 230, 0, 2, True, 1425245962.707404)
(0, -10, 75.4, 80.17272727272727, 230, 0, 2, True, 1425245962.810863)
(0, -10, 75.4, 80.17272727272727, 230, 0, 2, True, 1425245962.914778)
(0, -10, 75.4, 80.17272727272727, 230, 0, 2, True, 1425245963.016567)
(0, -10, 75.4, 80.17272727272727, 230, 0, 2, True, 1425245963.124579)
(0, -10, 75.4, 80.17272727272727, 230, 0, 2, True, 1425245963.226666)
(0, -10, 75.4, 80.17272727272727, 230, 0, 2, True, 1425245963.328604)
(0, -10, 75.3, 70.60585106382979, 230, 0, 2, True, 1425245966.851799)
(0, -10, 75.3, 70.60585106382979, 230, 0, 2, True, 1425245966.961405)
(0, -10, 75.3, 70.60585106382979, 230, 0, 2, True, 1425245967.063683)
(0, -10, 75.3, 70.60585106382979, 230, 0, 2, True, 1425245967.166188)
(0, -10, 75.3, 70.60585106382979, 230, 0, 2, True, 1425245967.26792)
(0, -10, 75.3, 70.60585106382979, 230, 0, 2, True, 1425245967.37445)
(0, -10, 75.3, 70.60585106382979, 230, 0, 2, True, 1425245967.47847)
(0, -10, 75.3, 70.60585106382979, 230, 0, 2, True, 1425245967.581368)
