(0, -10, 0, 296.25, 230, 0, 2, True, 1425243218.847418)
(0, -10, 0, 296.25, 230, 0, 2, True, 1425243218.949784)
(0, -10, 0, 296.25, 230, 0, 2, True, 1425243219.052387)
(0, -10, 0, 296.25, 230, 0, 2, True, 1425243219.154046)
(0, -10, 0, 296.25, 230, 0, 2, True, 1425243219.257577)
(0, -10, 0, 296.25, 230, 0, 2, True, 1425243219.361132)
(0, -10, 0, 296.25, 230, 0, 2, True, 1425243219.463272)
(0, -10, 0, 296.25, 230, 0, 2, True, 1425243219.565565)
(0, -10, 0, 296.25, 230, 0, 2, True, 1425243219.667789)
(0, -10, 0, 296.25, 230, 0, 2, True, 1425243219.769935)
(0, -10, 0, 295.14705882352945, 230, 0, 2, True, 1425243225.639271)
(0, -10, 0, 295.14705882352945, 230, 0, 2, True, 1425243225.742079)
(0, -10, 0, 295.14705882352945, 230, 0, 2, True, 1425243225.845417)
(0, -10, 0, 295.14705882352945, 230, 0, 2, True, 1425243225.950197)
(0, -10, 0, 295.14705882352945, 230, 0, 2, True, 1425243226.052877)
(0, -10, 0, 295.14705882352945, 230, 0, 2, True, 1425243226.157541)
(0, -10, 0, 295.14705882352945, 230, 0, 2, True, 1425243226.259652)
(0, -10, 0, 295.14705882352945, 230, 0, 2, True, 1425243226.361322)
(0, -10, 0, 295.14705882352945, 230, 0, 2, True, 1425243226.463149)
(0, -10, 0, 295.14705882352945, 230, 0, 2, True, 1425243226.565127)
(0, -10, 0, 295.14705882352945, 230, 0, 2, True, 1425243232.229786)
(0, -10, 0, 295.14705882352945, 230, 0, 2, True, 1425243232.332043)
(0, -10, 0, 295.14705882352945, 230, 0, 2, True, 1425243232.439656)
(0, -10, 0, 295.14705882352945, 230, 0, 2, True, 1425243232.542255)
(0, -10, 0, 295.14705882352945, 230, 0, 2, True, 1425243232.644292)
(0, -10, 0, 295.14705882352945, 230, 0, 2, True, 1425243232.75094)
(0, -10, 0, 295.14705882352945, 230, 0, 2, True, 1425243232.855266)
(0, -10, 0, 295.14705882352945, 230, 0, 2, True, 1425243232.957889)
(0, -10, 0, 295.14705882352945, 230, 0, 2, True, 1425243233.059798)
(0, -10, 0, 295.14705882352945, 230, 0, 2, True, 1425243233.161796)
(0, -10, 0, 295.14705882352945, 230, 0, 2, True, 1425243238.932686)
(0, -10, 0, 295.14705882352945, 230, 0, 2, True, 1425243239.035063)
(0, -10, 0, 295.14705882352945, 230, 0, 2, True, 1425243239.137927)
(0, -10, 0, 295.14705882352945, 230, 0, 2, True, 1425243239.251526)
(0, -10, 0, 295.14705882352945, 230, 0, 2, True, 1425243239.355728)
(0, -10, 0, 295.14705882352945, 230, 0, 2, True, 1425243239.460868)
(0, -10, 0, 295.14705882352945, 230, 0, 2, True, 1425243239.569647)
(0, -10, 0, 295.14705882352945, 230, 0, 2, True, 1425243239.674016)
(0, -10, 0, 295.14705882352945, 230, 0, 2, True, 1425243239.775765)
(0, -10, 0, 295.14705882352945, 230, 0, 2, True, 1425243239.878053)
(0, -10, 0, 32.59978991596641, 230, 0, 2, True, 1425243245.604534)
(0, -10, 0, 32.59978991596641, 230, 0, 2, True, 1425243245.708282)
(0, -10, 0, 32.59978991596641, 230, 0, 2, True, 1425243245.810023)
(0, -10, 0, 32.59978991596641, 230, 0, 2, True, 1425243245.91493)
(0, -10, 0, 32.59978991596641, 230, 0, 2, True, 1425243246.018863)
(0, -10, 0, 32.59978991596641, 230, 0, 2, True, 1425243246.12467)
(0, -10, 0, 32.59978991596641, 230, 0, 2, True, 1425243246.230112)
(0, -10, 0, 32.59978991596641, 230, 0, 2, True, 1425243246.332359)
(0, -10, 0, 32.59978991596641, 230, 0, 2, True, 1425243246.434381)
(0, -10, 0, 32.59978991596641, 230, 0, 2, True, 1425243246.540514)
(0, -10, 0, 249.82306985294122, 230, 0, 2, True, 1425243252.285429)
(0, -10, 0, 249.82306985294122, 230, 0, 2, True, 1425243252.388196)
(0, -10, 0, 249.82306985294122, 230, 0, 2, True, 1425243252.494257)
(0, -10, 0, 249.82306985294122, 230, 0, 2, True, 1425243252.59756)
(0, -10, 0, 249.82306985294122, 230, 0, 2, True, 1425243252.700528)
(0, -10, 0, 249.82306985294122, 230, 0, 2, True, 1425243252.805217)
(0, -10, 0, 249.82306985294122, 230, 0, 2, True, 1425243252.907427)
(0, -10, 0, 249.82306985294122, 230, 0, 2, True, 1425243253.009643)
(0, -10, 0, 249.82306985294122, 230, 0, 2, True, 1425243253.111809)
(0, -10, 0, 249.82306985294122, 230, 0, 2, True, 1425243253.218645)
(0, -10, 0, 287.6102941176471, 230, 0, 2, False, 1425243258.970264)
(0, -10, 0, 287.6102941176471, 230, 0, 2, False, 1425243259.079156)
(0, -10, 0, 287.6102941176471, 230, 0, 2, True, 1425243259.181146)
(0, -10, 0, 287.6102941176471, 230, 0, 2, True, 1425243259.288548)
(0, -10, 0, 287.6102941176471, 230, 0, 2, True, 1425243259.391835)
(0, -10, 0, 287.6102941176471, 230, 0, 2, True, 1425243259.495993)
(0, -10, 0, 287.6102941176471, 230, 0, 2, True, 1425243259.598191)
(0, -10, 0, 287.6102941176471, 230, 0, 2, True, 1425243259.700533)
(0, -10, 0, 287.6102941176471, 230, 0, 2, True, 1425243259.802804)
(0, -10, 0, 287.6102941176471, 230, 0, 2, True, 1425243259.904899)
(0, -10, 0, 287.6102941176471, 230, 0, 2, True, 1425243265.494207)
(0, -10, 0, 287.6102941176471, 230, 0, 2, True, 1425243265.597277)
(0, -10, 0, 287.6102941176471, 230, 0, 2, True, 1425243265.699166)
(0, -10, 0, 287.6102941176471, 230, 0, 2, True, 1425243265.80419)
(0, -10, 0, 287.6102941176471, 230, 0, 2, True, 1425243265.905886)
(0, -10, 0, 287.6102941176471, 230, 0, 2, True, 1425243266.010252)
(0, -10, 0, 287.6102941176471, 230, 0, 2, True, 1425243266.113274)
(0, -10, 0, 287.6102941176471, 230, 0, 2, True, 1425243266.215445)
(0, -10, 0, 287.6102941176471, 230, 0, 2, True, 1425243266.317795)
(0, -10, 0, 287.6102941176471, 230, 0, 2, True, 1425243266.420292)
(0, -10, 0, 287.6102941176471, 230, 0, 2, True, 1425243272.011415)
(0, -10, 0, 287.6102941176471, 230, 0, 2, True, 1425243272.113313)
(0, -10, 0, 287.6102941176471, 230, 0, 2, True, 1425243272.215198)
(0, -10, 0, 287.6102941176471, 230, 0, 2, True, 1425243272.317689)
(0, -10, 0, 287.6102941176471, 230, 0, 2, True, 1425243272.42007)
(0, -10, 0, 287.6102941176471, 230, 0, 2, True, 1425243272.526446)
(0, -10, 0, 287.6102941176471, 230, 0, 2, True, 1425243272.629174)
(0, -10, 0, 287.6102941176471, 230, 0, 2, True, 1425243272.731759)
(0, -10, 0, 287.6102941176471, 230, 0, 2, True, 1425243272.835792)
(0, -10, 0, 287.6102941176471, 230, 0, 2, True, 1425243272.940485)
(0, -10, 0, 326.5808823529412, 230, 0, 2, True, 1425243278.477526)
(0, -10, 0, 326.5808823529412, 230, 0, 2, True, 1425243278.579513)
(0, -10, 0, 326.5808823529412, 230, 0, 2, True, 1425243278.681433)
(0, -10, 0, 326.5808823529412, 230, 0, 2, True, 1425243278.784059)
(0, -10, 0, 326.5808823529412, 230, 0, 2, True, 1425243278.886043)
(0, -10, 0, 326.5808823529412, 230, 0, 2, True, 1425243278.989791)
(0, -10, 0, 326.5808823529412, 230, 0, 2, True, 1425243279.093854)
(0, -10, 0, 326.5808823529412, 230, 0, 2, True, 1425243279.196326)
(0, -10, 0, 326.5808823529412, 230, 0, 2, True, 1425243279.298743)
(0, -10, 0, 326.5808823529412, 230, 0, 2, True, 1425243279.400657)
(0, -10, 0, 330.66677807486633, 230, 0, 2, True, 1425243285.020798)
(0, -10, 0, 330.66677807486633, 230, 0, 2, True, 1425243285.123514)
(0, -10, 0, 330.66677807486633, 230, 0, 2, True, 1425243285.230777)
(0, -10, 0, 330.66677807486633, 230, 0, 2, True, 1425243285.33746)
(0, -10, 0, 330.66677807486633, 230, 0, 2, True, 1425243285.443443)
(0, -10, 0, 330.66677807486633, 230, 0, 2, True, 1425243285.553043)
(0, -10, 0, 330.66677807486633, 230, 0, 2, True, 1425243285.657692)
(0, -10, 0, 330.66677807486633, 230, 0, 2, True, 1425243285.76038)
(0, -10, 0, 330.66677807486633, 230, 0, 2, True, 1425243285.863192)
(0, -10, 0, 330.66677807486633, 230, 0, 2, True, 1425243285.966907)
(0, -10, 0, 327.7757352941177, 230, 0, 2, True, 1425243291.38665)
(0, -10, 0, 327.7757352941177, 230, 0, 2, True, 1425243291.488394)
(0, -10, 0, 327.7757352941177, 230, 0, 2, True, 1425243291.590807)
(0, -10, 0, 327.7757352941177, 230, 0, 2, True, 1425243291.698685)
(0, -10, 0, 327.7757352941177, 230, 0, 2, True, 1425243291.801127)
(0, -10, 0, 327.7757352941177, 230, 0, 2, True, 1425243291.905305)
(0, -10, 0, 327.7757352941177, 230, 0, 2, True, 1425243292.011535)
(0, -10, 0, 327.7757352941177, 230, 0, 2, True, 1425243292.113894)
(0, -10, 0, 327.7757352941177, 230, 0, 2, True, 1425243292.218924)
(0, -10, 0, 327.7757352941177, 230, 0, 2, True, 1425243292.321243)
(0, -10, 0, 333.0882352941177, 230, 0, 2, True, 1425243298.012953)
(0, -10, 0, 333.0882352941177, 230, 0, 2, True, 1425243298.11504)
(0, -10, 0, 333.0882352941177, 230, 0, 2, True, 1425243298.216508)
(0, -10, 0, 333.0882352941177, 230, 0, 2, True, 1425243298.318418)
(0, -10, 0, 333.0882352941177, 230, 0, 2, True, 1425243298.421427)
(0, -10, 0, 333.0882352941177, 230, 0, 2, True, 1425243298.525428)
(0, -10, 0, 333.0882352941177, 230, 0, 2, True, 1425243298.628657)
(0, -10, 0, 333.0882352941177, 230, 0, 2, True, 1425243298.734581)
(0, -10, 0, 333.0882352941177, 230, 0, 2, True, 1425243298.836673)
(0, -10, 0, 333.0882352941177, 230, 0, 2, True, 1425243298.938487)
(0, -10, 0, 40.477941176470594, 230, 0, 2, True, 1425243304.699038)
(0, -10, 0, 40.477941176470594, 230, 0, 2, True, 1425243304.800992)
(0, -10, 0, 40.477941176470594, 230, 0, 2, True, 1425243304.904664)
(0, -10, 0, 40.477941176470594, 230, 0, 2, True, 1425243305.010778)
(0, -10, 0, 40.477941176470594, 230, 0, 2, True, 1425243305.113615)
(0, -10, 0, 40.477941176470594, 230, 0, 2, True, 1425243305.21744)
(0, -10, 0, 40.477941176470594, 230, 0, 2, True, 1425243305.32242)
(0, -10, 0, 40.477941176470594, 230, 0, 2, True, 1425243305.424818)
(0, -10, 0, 40.477941176470594, 230, 0, 2, True, 1425243305.526925)
(0, -10, 0, 40.477941176470594, 230, 0, 2, True, 1425243305.628526)
(0, -10, 0, 34.440789473684205, 230, 0, 2, True, 1425243311.194667)
(0, -10, 0, 34.440789473684205, 230, 0, 2, True, 1425243311.300862)
(0, -10, 0, 34.440789473684205, 230, 0, 2, True, 1425243311.403297)
(0, -10, 0, 34.440789473684205, 230, 0, 2, True, 1425243311.505247)
(0, -10, 0, 34.440789473684205, 230, 0, 2, True, 1425243311.610921)
(0, -10, 0, 34.440789473684205, 230, 0, 2, True, 1425243311.717335)
(0, -10, 0, 34.440789473684205, 230, 0, 2, True, 1425243311.819653)
(0, -10, 0, 34.440789473684205, 230, 0, 2, True, 1425243311.922134)
(0, -10, 0, 34.440789473684205, 230, 0, 2, True, 1425243312.024411)
(0, -10, 0, 34.440789473684205, 230, 0, 2, True, 1425243312.126077)
(0, -10, 0, 49.117647058823536, 230, 0, 2, True, 1425243317.82465)
(0, -10, 0, 49.117647058823536, 230, 0, 2, True, 1425243317.926784)
(0, -10, 0, 49.117647058823536, 230, 0, 2, True, 1425243318.03294)
(0, -10, 0, 49.117647058823536, 230, 0, 2, True, 1425243318.134695)
(0, -10, 0, 49.117647058823536, 230, 0, 2, True, 1425243318.236672)
(0, -10, 0, 49.117647058823536, 230, 0, 2, True, 1425243318.3421)
(0, -10, 0, 49.117647058823536, 230, 0, 2, True, 1425243318.444269)
(0, -10, 0, 49.117647058823536, 230, 0, 2, True, 1425243318.546147)
(0, -10, 0, 49.117647058823536, 230, 0, 2, True, 1425243318.648217)
(0, -10, 0, 49.117647058823536, 230, 0, 2, True, 1425243318.750667)
(0, -10, 0, 74.04871323529413, 230, 0, 2, True, 1425243324.327057)
(0, -10, 0, 74.04871323529413, 230, 0, 2, True, 1425243324.431406)
(0, -10, 0, 74.04871323529413, 230, 0, 2, True, 1425243324.533272)
(0, -10, 0, 74.04871323529413, 230, 0, 2, True, 1425243324.634825)
(0, -10, 0, 74.04871323529413, 230, 0, 2, True, 1425243324.743948)
(0, -10, 0, 74.04871323529413, 230, 0, 2, True, 1425243324.852774)
(0, -10, 0, 74.04871323529413, 230, 0, 2, True, 1425243324.955506)
(0, -10, 0, 74.04871323529413, 230, 0, 2, True, 1425243325.057773)
(0, -10, 0, 74.04871323529413, 230, 0, 2, True, 1425243325.16018)
(0, -10, 0, 74.04871323529413, 230, 0, 2, True, 1425243325.262245)
(0, -10, 0, 69.82843137254903, 230, 0, 2, True, 1425243330.757764)
(0, -10, 0, 69.82843137254903, 230, 0, 2, True, 1425243330.865665)
(0, -10, 0, 69.82843137254903, 230, 0, 2, True, 1425243330.967074)
(0, -10, 0, 69.82843137254903, 230, 0, 2, True, 1425243331.069301)
(0, -10, 0, 69.82843137254903, 230, 0, 2, True, 1425243331.171306)
(0, -10, 0, 69.82843137254903, 230, 0, 2, True, 1425243331.275525)
(0, -10, 0, 69.82843137254903, 230, 0, 2, True, 1425243331.378087)
(0, -10, 0, 69.82843137254903, 230, 0, 2, True, 1425243331.484742)
(0, -10, 0, 69.82843137254903, 230, 0, 2, True, 1425243331.587087)
(0, -10, 0, 69.82843137254903, 230, 0, 2, True, 1425243331.68979)
(0, -10, 0, 59.411764705882376, 230, 0, 2, True, 1425243337.179653)
(0, -10, 0, 59.411764705882376, 230, 0, 2, True, 1425243337.281764)
(0, -10, 0, 59.411764705882376, 230, 0, 2, True, 1425243337.383959)
(0, -10, 0, 59.411764705882376, 230, 0, 2, True, 1425243337.48594)
(0,