(0, -10, 86.8, 73.05, 230, 0, 2, True, 1425245171.07903)
(0, -10, 86.8, 73.05, 230, 0, 2, True, 1425245171.18103)
(0, -10, 86.9, 73.15, 230, 0, 2, True, 1425245171.283293)
(0, -10, 86.9, 73.15, 230, 0, 2, True, 1425245171.385594)
(0, -10, 86.9, 73.15, 230, 0, 2, True, 1425245171.487922)
(0, -10, 86.9, 73.15, 230, 0, 2, True, 1425245171.592363)
(0, -10, 86.9, 73.15, 230, 0, 2, True, 1425245171.696095)
(0, -10, 86.9, 73.15, 230, 0, 2, True, 1425245171.798347)
(0, -10, 86.9, 73.15, 230, 0, 2, True, 1425245171.901289)
(0, -10, 86.9, 73.15, 230, 0, 2, True, 1425245172.002815)
