(0, -10, 0, 0, 230, 0, 2, False, 1425244499.183726)
(0, -10, 0, 0, 230, 0, 2, False, 1425244499.284863)
(0, -10, 0, 0, 230, 0, 2, False, 1425244499.386011)
(0, -10, 0, 0, 230, 0, 2, False, 1425244499.486935)
(0, -10, 0, 0, 230, 0, 2, False, 1425244499.587976)
(0, -10, 0, 0, 230, 0, 2, False, 1425244499.689409)
(0, -10, 0, 0, 230, 0, 2, False, 1425244499.790565)
(0, -10, 0, 0, 230, 0, 2, False, 1425244499.894012)
(0, -10, 0, 0, 230, 0, 2, False, 1425244499.99646)
(0, -10, 0, 0, 230, 0, 2, False, 1425244500.098413)
(0, -10, 0, 0, 230, 0, 2, False, 1425244500.20248)
(0, -10, 0, 0, 230, 0, 2, False, 1425244500.304406)
(0, -10, 0, 0, 230, 0, 2, False, 1425244500.406501)
(0, -10, 0, 0, 230, 0, 2, False, 1425244500.508506)
(0, -10, 0, 0, 230, 0, 2, False, 1425244500.612243)
(0, -10, 0, 0, 230, 0, 2, False, 1425244500.71402)
(0, -10, 0, 0, 230, 0, 2, False, 1425244500.816353)
(0, -10, 0, 0, 230, 0, 2, False, 1425244500.918691)
(0, -10, 0, 0, 230, 0, 2, False, 1425244501.022972)
(0, -10, 0, 0, 230, 0, 2, False, 1425244501.125777)
(0, -10, 0, 0, 230, 0, 2, False, 1425244501.229987)
(0, -10, 0, 0, 230, 0, 2, False, 1425244501.332143)
(0, -10, 0, 0, 230, 0, 2, False, 1425244501.437861)
(0, -10, 0, 0, 230, 0, 2, False, 1425244501.539584)
(0, -10, 0, 0, 230, 0, 2, False, 1425244501.648259)
(0, -10, 0, 0, 230, 0, 2, False, 1425244501.760511)
(0, -10, 0, 0, 230, 0, 2, False, 1425244501.867904)
(0, -10, 0, 0, 230, 0, 2, False, 1425244501.969966)
(0, -10, 0, 0, 230, 0, 2, False, 1425244502.072218)
(0, -10, 0, 0, 230, 0, 2, False, 1425244502.17435)
(0, -10, 0, 0, 230, 0, 2, False, 1425244502.279459)
(0, -10, 0, 0, 230, 0, 2, False, 1425244502.381345)
(0, -10, 0, 0, 230, 0, 2, False, 1425244502.483292)
(0, -10, 0, 0, 230, 0, 2, False, 1425244502.586449)
(0, -10, 0, 0, 230, 0, 2, False, 1425244502.690349)
(0, -10, 0, 0, 230, 0, 2, False, 1425244502.792319)
(0, -10, 0, 0, 230, 0, 2, False, 1425244502.894538)
(0, -10, 0, 0, 230, 0, 2, False, 1425244502.998856)
(0, -10, 0, 0, 230, 0, 2, False, 1425244503.100494)
(0, -10, 0, 0, 230, 0, 2, False, 1425244503.203155)
(0, -10, 0, 0, 230, 0, 2, False, 1425244503.307497)
(0, -10, 0, 0, 230, 0, 2, False, 1425244503.409264)
(0, -10, 0, 0, 230, 0, 2, False, 1425244503.515617)
(0, -10, 0, 0, 230, 0, 2, False, 1425244503.61746)
(0, -10, 0, 0, 230, 0, 2, False, 1425244503.719487)
(0, -10, 0, 0, 230, 0, 2, False, 1425244503.821609)
(0, -10, 0, 0, 230, 0, 2, False, 1425244503.927159)
(0, -10, 0, 0, 230, 0, 2, False, 1425244504.029873)
(0, -10, 0, 0, 230, 0, 2, False, 1425244504.131669)
(0, -10, 0, 0, 230, 0, 2, False, 1425244504.233497)
(0, -10, 0, 0, 230, 0, 2, False, 1425244504.34106)
(0, -10, 0, 0, 230, 0, 2, False, 1425244504.443509)
(0, -10, 0, 0, 230, 0, 2, False, 1425244504.5455)
(0, -10, 0, 0, 230, 0, 2, False, 1425244504.65094)
(0, -10, 0, 0, 230, 0, 2, False, 1425244504.753072)
(0, -10, 0, 0, 230, 0, 2, False, 1425244504.855626)
(0, -10, 0, 0, 230, 0, 2, False, 1425244504.957723)
(0, -10, 0, 0, 230, 0, 2, False, 1425244505.060631)
(0, -10, 0, 0, 230, 0, 2, False, 1425244505.162761)
(0, -10, 0, 0, 230, 0, 2, False, 1425244505.264743)
(0, -10, 0, 0, 230, 0, 2, False, 1425244505.36888)
(0, -10, 0, 0, 230, 0, 2, False, 1425244505.470766)
(0, -10, 0, 0, 230, 0, 2, False, 1425244505.575375)
(0, -10, 0, 0, 230, 0, 2, False, 1425244505.677959)
(0, -10, 0, 0, 230, 0, 2, False, 1425244505.779982)
(0, -10, 0, 0, 230, 0, 2, False, 1425244505.883608)
(0, -10, 0, 0, 230, 0, 2, False, 1425244505.985684)
(0, -10, 0, 0, 230, 0, 2, False, 1425244506.088137)
(0, -10, 0, 0, 230, 0, 2, False, 1425244506.190243)
(0, -10, 0, 0, 230, 0, 2, False, 1425244506.295981)
(0, -10, 0, 0, 230, 0, 2, False, 1425244506.400131)
(0, -10, 0, 0, 230, 0, 2, False, 1425244506.502452)
(0, -10, 0, 0, 230, 0, 2, False, 1425244506.604261)
(0, -10, 0, 0, 230, 0, 2, False, 1425244506.711084)
(0, -10, 0, 0, 230, 0, 2, False, 1425244506.813571)
(0, -10, 0, 0, 230, 0, 2, False, 1425244506.915866)
(0, -10, 0, 0, 230, 0, 2, False, 1425244507.018165)
(0, -10, 0, 0, 230, 0, 2, False, 1425244507.119952)
(0, -10, 0, 0, 230, 0, 2, False, 1425244507.221787)
(0, -10, 0, 0, 230, 0, 2, False, 1425244507.328794)
(0, -10, 0, 0, 230, 0, 2, False, 1425244507.433042)
(0, -10, 0, 0, 230, 0, 2, False, 1425244507.535101)
(0, -10, 0, 0, 230, 0, 2, False, 1425244507.636925)
(0, -10, 0, 0, 230, 0, 2, False, 1425244507.738973)
(0, -10, 0, 0, 230, 0, 2, False, 1425244507.841197)
(0, -10, 0, 0, 230, 0, 2, False, 1425244507.94375)
(0, -10, 0, 0, 230, 0, 2, False, 1425244508.045514)
(0, -10, 0, 0, 230, 0, 2, False, 1425244508.147691)
(0, -10, 0, 0, 230, 0, 2, False, 1425244508.249755)
(0, -10, 0, 0, 230, 0, 2, False, 1425244508.354349)
(0, -10, 0, 0, 230, 0, 2, False, 1425244508.458192)
(0, -10, 0, 0, 230, 0, 2, False, 1425244508.560524)
(0, -10, 0, 0, 230, 0, 2, False, 1425244508.662639)
(0, -10, 0, 0, 230, 0, 2, False, 1425244508.764455)
(0, -10, 0, 0, 230, 0, 2, False, 1425244508.870265)
(0, -10, 0, 0, 230, 0, 2, False, 1425244508.972884)
(0, -10, 0, 0, 230, 0, 2, False, 1425244509.074952)
(0, -10, 0, 0, 230, 0, 2, False, 1425244509.176709)
(0, -10, 0, 0, 230, 0, 2, False, 1425244509.281244)
(0, -10, 0, 0, 230, 0, 2, False, 1425244509.383319)
(0, -10, 0, 0, 230, 0, 2, False, 1425244509.487281)
(0, -10, 0, 0, 230, 0, 2, False, 1425244509.593931)
(0, -10, 0, 0, 230, 0, 2, False, 1425244509.695819)
(0, -10, 0, 0, 230, 0, 2, False, 1425244509.798062)
(0, -10, 0, 0, 230, 0, 2, False, 1425244509.899963)
(0, -10, 0, 0, 230, 0, 2, False, 1425244510.005279)
(0, -10, 0, 0, 230, 0, 2, False, 1425244510.10745)
(0, -10, 0, 0, 230, 0, 2, False, 1425244510.209566)
(0, -10, 0, 0, 230, 0, 2, False, 1425244510.311537)
(0, -10, 0, 0, 230, 0, 2, False, 1425244510.415387)
(0, -10, 0, 0, 230, 0, 2, False, 1425244510.519667)
(0, -10, 0, 0, 230, 0, 2, False, 1425244510.621656)
(0, -10, 0, 0, 230, 0, 2, False, 1425244510.726068)
(0, -10, 0, 0, 230, 0, 2, False, 1425244510.828175)
(0, -10, 0, 0, 230, 0, 2, False, 1425244510.930503)
(0, -10, 0, 0, 230, 0, 2, False, 1425244511.032482)
(0, -10, 0, 0, 230, 0, 2, False, 1425244511.134649)
(0, -10, 0, 0, 230, 0, 2, False, 1425244511.238744)
(0, -10, 0, 0, 230, 0, 2, False, 1425244511.344467)
(0, -10, 0, 0, 230, 0, 2, False, 1425244511.446406)
(0, -10, 0, 0, 230, 0, 2, False, 1425244511.555905)
(0, -10, 0, 0, 230, 0, 2, False, 1425244511.66128)
(0, -10, 0, 0, 230, 0, 2, False, 1425244511.767024)
(0, -10, 0, 0, 230, 0, 2, False, 1425244511.871905)
(0, -10, 0, 0, 230, 0, 2, False, 1425244511.973984)
(0, -10, 0, 0, 230, 0, 2, False, 1425244512.077316)
(0, -10, 0, 0, 230, 0, 2, False, 1425244512.179485)
(0, -10, 0, 0, 230, 0, 2, False, 1425244512.28175)
(0, -10, 0, 0, 230, 0, 2, False, 1425244512.383702)
(0, -10, 0, 0, 230, 0, 2, False, 1425244512.486847)
(0, -10, 0, 0, 230, 0, 2, False, 1425244512.590587)
(0, -10, 0, 0, 230, 0, 2, False, 1425244512.692399)
(0, -10, 0, 0, 230, 0, 2, False, 1425244512.799442)
(0, -10, 0, 0, 230, 0, 2, False, 1425244512.901216)
(0, -10, 0, 0, 230, 0, 2, False, 1425244513.003584)
(0, -10, 0, 0, 230, 0, 2, False, 1425244513.10616)
(0, -10, 0, 0, 230, 0, 2, False, 1425244513.207924)
(0, -10, 0, 0, 230, 0, 2, False, 1425244513.311621)
(0, -10, 0, 0, 230, 0, 2, False, 1425244513.413475)
(0, -10, 0, 0, 230, 0, 2, False, 1425244513.515689)
(0, -10, 0, 0, 230, 0, 2, False, 1425244513.626174)
(0, -10, 0, 0, 230, 0, 2, False, 1425244513.728039)
(0, -10, 0, 0, 230, 0, 2, False, 1425244513.830701)
(0, -10, 0, 0, 230, 0, 2, False, 1425244513.932468)
(0, -10, 0, 0, 230, 0, 2, False, 1425244514.034302)
(0, -10, 0, 0, 230, 0, 2, False, 1425244514.13651)
(0, -10, 0, 0, 230, 0, 2, False, 1425244514.238877)
(0, -10, 0, 0, 230, 0, 2, False, 1425244514.340822)
(0, -10, 0, 0, 230, 0, 2, False, 1425244514.445359)
(0, -10, 0, 0, 230, 0, 2, False, 1425244514.547258)
(0, -10, 0, 0, 230, 0, 2, False, 1425244514.65117)
(0, -10, 0, 0, 230, 0, 2, False, 1425244514.752754)
(0, -10, 0, 0, 230, 0, 2, False, 1425244514.857328)
(0, -10, 0, 0, 230, 0, 2, False, 1425244514.95911)
(0, -10, 0, 0, 230, 0, 2, False, 1425244515.061543)
(0, -10, 0, 0, 230, 0, 2, False, 1425244515.16349)
(0, -10, 0, 0, 230, 0, 2, False, 1425244515.265431)
(0, -10, 0, 0, 230, 0, 2, False, 1425244515.367666)
(0, -10, 0, 0, 230, 0, 2, False, 1425244515.469565)
(0, -10, 0, 0, 230, 0, 2, False, 1425244515.571378)
(0, -10, 0, 0, 230, 0, 2, False, 1425244515.675705)
(0, -10, 0, 0, 230, 0, 2, False, 1425244515.77741)
(0, -10, 0, 0, 230, 0, 2, False, 1425244515.887997)
(0, -10, 0, 0, 230, 0, 2, False, 1425244515.990131)
(0, -10, 0, 0, 230, 0, 2, False, 1425244516.091931)
(0, -10, 0, 0, 230, 0, 2, False, 1425244516.194127)
(0, -10, 0, 0, 230, 0, 2, False, 1425244516.29576)
(0, -10, 0, 0, 230, 0, 2, False, 1425244516.397355)
(0, -10, 0, 0, 230, 0, 2, False, 1425244516.49894)
(0, -10, 0, 0, 230, 0, 2, False, 1425244516.604288)
(0, -10, 0, 0, 230, 0, 2, False, 1425244516.708377)
(0, -10, 0, 0, 230, 0, 2, False, 1425244516.814945)
(0, -10, 0, 0, 230, 0, 2, False, 1425244516.918976)
(0, -10, 0, 0, 230, 0, 2, False, 1425244517.02079)
(0, -10, 0, 0, 230, 0, 2, False, 1425244517.122857)
(0, -10, 0, 0, 230, 0, 2, False, 1425244517.224649)
(0, -10, 0, 0, 230, 0, 2, False, 1425244517.326714)
(0, -10, 0, 0, 230, 0, 2, False, 1425244517.428381)
(0, -10, 0, 0, 230, 0, 2, False, 1425244517.530244)
(0, -10, 0, 0, 230, 0, 2, False, 1425244517.632109)
(0, -10, 0, 0, 230, 0, 2, False, 1425244517.736163)
(0, -10, 0, 0, 230, 0, 2, False, 1425244517.837936)
(0, -10, 0, 0, 230, 0, 2, False, 1425244517.942389)
(0, -10, 0, 0, 230, 0, 2, False, 1425244518.044132)
(0, -10, 0, 0, 230, 0, 2, False, 1425244518.147012)
(0, -10, 0, 0, 230, 0, 2, False, 1425244518.248925)
(0, -10, 0, 0, 230, 0, 2, False, 1425244518.350647)
(0, -10, 0, 0, 230, 0, 2, False, 1425244518.455207)
(0, -10, 0, 0, 230, 0, 2, False, 1425244518.556922)
(0, -10, 0, 0, 230, 0, 2, False, 1425244518.658778)
(0, -10, 0, 0, 230, 0, 2, False, 1425244518.762673)
(0, -10, 0, 0, 230, 0, 2, False, 1425244518.864527)
(0, -10, 0, 0, 230, 0, 2, False, 1425244518.966746)
(0, -10, 0, 0, 230, 0, 2, False, 1425244519.06851)
(0, -10, 0, 0, 230, 0, 2, False, 1425244519.170646)
(0, -10, 0, 0, 230, 0, 2, False, 1425244519.272222)
(0, -10, 0, 0, 230, 0, 2, False, 1425244519.373783)
(0, -10, 0, 0, 230, 0, 2, False, 1425244519.475475)
(0, -10, 0, 0, 230, 0, 2, False, 1425244519.577064)
(0, -10, 0, 0, 230, 0, 2, False, 1425244519.678827)
(0, -10, 0, 0, 230, 0, 2, False, 1425244519.782968)
(0, -10, 0, 0, 230, 0, 2, False, 1425244519.896286)
(0, -10, 0, 0, 230, 0, 2, False, 1425244519.998093)
(0, -10, 0, 0, 230, 0, 2, False, 1425244520.099935)
(0, -10, 0, 0, 230, 0, 2, False, 1425244520.201671)
(0, -10, 0, 0, 230, 0, 2, False, 1425244520.303522)
(0, -10, 0, 0, 230, 0, 2, False, 1425244520.405195)
(0, -10, 0, 0, 230, 0, 2, False, 1425244520.506954)
(0, -10, 0, 0, 230, 0, 2, False, 1425244520.613207)
(0, -10, 0, 0, 230, 0, 2, False, 1425244520.715625)
(0, -10, 0, 0, 230, 0, 2, False, 1425244520.822943)
(0, -10, 0, 0, 230, 0, 2, False, 1425244520.924505)
(0, -10, 0, 0, 230, 0, 2, False, 1425244521.026079)
(0, -10, 0, 0, 230, 0, 2, False, 1425244521.127823)
(0, -10, 0, 0, 230, 0, 2, False, 1425244521.231202)
(0, -10, 0, 0, 230, 0, 2, False, 1425244521.332764)
(0, -10, 0, 0, 230, 0, 2, False, 1425244521.434445)
(0, -10, 0, 0, 230, 0, 2, False, 1425244521.539087)
(0, -10, 0, 0, 230, 0, 2, False, 1425244521.647351)
(0, -10, 0, 0, 230, 0, 2, False, 1425244521.759969)
(0, -10, 0, 0, 230, 0, 2, False, 1425244521.867577)
(0, -10, 0, 0, 230, 0, 2, False, 1425244521.969769)
(0, -10, 0, 0, 230, 0, 2, False, 1425244522.07181)
(0, -10, 0, 0, 230, 0, 2, False, 1425244522.173939)
(0, -10, 0, 0, 230, 0, 2, False, 1425244522.278029)
(0, -10, 0, 0, 230, 0, 2, False, 1425244522.380357)
(0, -10, 0, 0, 230, 0, 2, False, 1425244522.484537)
(0, -10, 0, 0, 230, 0, 2, False, 1425244522.58648)
(0, -10, 0, 0, 230, 0, 2, False, 1425244522.688273)
(0, -10, 0, 0, 230, 0, 2, False, 1425244522.790017)
(0, -10, 0, 0, 230, 0, 2, False, 1425244522.898962)
(0, -10, 0, 0, 230, 0, 2, False, 1425244523.000678)
(0, -10, 0, 0, 230, 0, 2, False, 1425244523.103042)
(0, -10, 0, 0, 230, 0, 2, False, 1425244523.205048)
(0, -10, 0, 0, 230, 0, 2, False, 1425244523.307387)
(0, -10, 0, 0, 230, 0, 2, False, 1425244523.409302)
(0, -10, 0, 0, 230, 0, 2, False, 1425244523.511282)
(0, -10, 0, 0, 230, 0, 2, False, 1425244523.613784)
(0, -10, 0, 0, 230, 0, 2, False, 1425244523.716188)
(0, -10, 0, 0, 230, 0, 2, False, 1425244523.818374)
(0, -10, 0, 0, 230, 0, 2, False, 1425244523.925955)
(0, -10, 0, 0, 230, 0, 2, False, 1425244524.027833)
(0, -10, 0, 0, 230, 0, 2, False, 1425244524.12984)
(0, -10, 0, 0, 230, 0, 2, False, 1425244524.232341)
(0, -10, 0, 0, 230, 0, 2, False, 1425244524.334327)
(0, -10, 0, 0, 230, 0, 2, False, 1425244524.439775)
(0, -10, 0, 0, 230, 0, 2, False, 1425244524.541703)
(0, -10, 0, 0, 230, 0, 2, False, 1425244524.647385)
(0, -10, 0, 0, 230, 0, 2, False, 1425244524.749278)
(0, -10, 0, 0, 230, 0, 2, False, 1425244524.851799)
(0, -10, 0, 0, 230, 0, 2, False, 1425244524.956022)
(0, -10, 0, 0, 230, 0, 2, False, 1425244525.057606)
(0, -10, 0, 0, 230, 0, 2, False, 1425244525.162104)
(0, -10, 0, 0, 230, 0, 2, False, 1425244525.264327)
(0, -10, 0, 0, 230, 0, 2, False, 1425244525.366119)
(0, -10, 0, 0, 230, 0, 2, False, 1425244525.468115)
(0, -10, 0, 0, 230, 0, 2, False, 1425244525.570204)
(0, -10, 0, 0, 230, 0, 2, False, 1425244525.672373)
(0, -10, 0, 0, 230, 0, 2, False, 1425244525.774044)
(0, -10, 0, 0, 230, 0, 2, False, 1425244525.876935)
(0, -10, 0, 0, 230, 0, 2, False, 1425244525.9809)
(0, -10, 0, 0, 230, 0, 2, False, 1425244526.082494)
(0, -10, 0, 0, 230, 0, 2, False, 1425244526.184323)
(0, -10, 0, 0, 230, 0, 2, False, 1425244526.285884)
(0, -10, 0, 0, 230, 0, 2, False, 1425244526.387759)
(0, -10, 0, 0, 230, 0, 2, False, 1425244526.489797)
(0, -10, 0, 0, 230, 0, 2, False, 1425244526.591869)
(0, -10, 0, 0, 230, 0, 2, False, 1425244526.693909)
(0, -10, 0, 0, 230, 0, 2, False, 1425244526.797855)
(0, -10, 0, 0, 230, 0, 2, False, 1425244526.899889)
(0, -10, 0, 0, 230, 0, 2, False, 1425244527.004114)
(0, -10, 0, 0, 230, 0, 2, False, 1425244527.105872)
(0, -10, 0, 0, 230, 0, 2, False, 1425244527.209357)
(0, -10, 0, 0, 230, 0, 2, False, 1425244527.311323)
(0, -10, 0, 0, 230, 0, 2, False, 1425244527.414353)
(0, -10, 0, 0, 230, 0, 2, False, 1425244527.51647)
(0, -10, 0, 0, 230, 0, 2, False, 1425244527.618584)
(0, -10, 0, 0, 230, 0, 2, False, 1425244527.720878)
(0, -10, 0, 0, 230, 0, 2, False, 1425244527.82307)
(0, -10, 0, 0, 230, 0, 2, False, 1425244527.928588)
(0, -10, 0, 0, 230, 0, 2, False, 1425244528.032569)
(0, -10, 0, 0, 230, 0, 2, False, 1425244528.137124)
(0, -10, 0, 0, 230, 0, 2, False, 1425244528.239001)
(0, -10, 0, 0, 230, 0, 2, False, 1425244528.340956)
(0, -10, 0, 0, 230, 0, 2, False, 1425244528.443186)
(0, -10, 0, 0, 230, 0, 2, False, 1425244528.545061)
(0, -10, 0, 0, 230, 0, 2, False, 1425244528.647151)
(0, -10, 0, 0, 230, 0, 2, False, 1425244528.74928)
(0, -10, 0, 0, 230, 0, 2, False, 1425244528.85162)
(0, -10, 0, 0, 230, 0, 2, False, 1425244528.953424)
(0, -10, 0, 0, 230, 0, 2, False, 1425244529.061322)
(0, -10, 0, 0, 230, 0, 2, False, 1425244529.163242)
(0, -10, 0, 0, 230, 0, 2, False, 1425244529.265419)
(0, -10, 0, 0, 230, 0, 2, False, 1425244529.3675)
(0, -10, 0, 0, 230, 0, 2, False, 1425244529.469463)
(0, -10, 0, 0, 230, 0, 2, False, 1425244529.578141)
(0, -10, 0, 0, 230, 0, 2, False, 1425244529.683855)
(0, -10, 0, 0, 230, 0, 2, False, 1425244529.785994)
(0, -10, 0, 0, 230, 0, 2, False, 1425244529.887895)
(0, -10, 0, 0, 230, 0, 2, False, 1425244529.996573)
(0, -10, 0, 0, 230, 0, 2, False, 1425244530.100498)
(0, -10, 0, 0, 230, 0, 2, False, 1425244530.202411)
(0, -10, 0, 0, 230, 0, 2, False, 1425244530.304604)
(0, -10, 0, 0, 230, 0, 2, False, 1425244530.406472)
(0, -10, 0, 0, 230, 0, 2, False, 1425244530.51158)
