(0, -10, 75.3, 150.65714285714284, 230, 0, 2, True, 1425246029.620579)
(0, -10, 75.3, 150.65714285714284, 230, 0, 2, True, 1425246029.7246)
(0, -10, 75.3, 150.65714285714284, 230, 0, 2, True, 1425246029.828395)
(0, -10, 75.3, 150.65714285714284, 230, 0, 2, True, 1425246029.933854)
(0, -10, 75.3, 150.65714285714284, 230, 0, 2, True, 1425246030.035859)
(0, -10, 75.3, 150.65714285714284, 230, 0, 2, True, 1425246030.141571)
(0, -10, 75.3, 150.65714285714284, 230, 0, 2, True, 1425246030.24273)
(0, -10, 75.3, 150.65714285714284, 230, 0, 2, True, 1425246030.344443)
(0, -10, 75.3, 150.65714285714284, 230, 0, 2, True, 1425246030.452578)
(0, -10, 75.3, 150.65714285714284, 230, 0, 2, True, 1425246030.554711)
(0, -10, 75.3, 150.3625, 230, 0, 2, True, 1425246033.771793)
(0, -10, 75.3, 150.3625, 230, 0, 2, True, 1425246033.87353)
(0, -10, 75.3, 150.3625, 230, 0, 2, True, 1425246033.976781)
(0, -10, 75.3, 150.3625, 230, 0, 2, True, 1425246034.082517)
(0, -10, 75.3, 150.3625, 230, 0, 2, True, 1425246034.185217)
(0, -10, 75.3, 150.3625, 230, 0, 2, True, 1425246034.290103)
(0, -10, 75.3, 150.3625, 230, 0, 2, True, 1425246034.392644)
(0, -10, 75.3, 150.3625, 230, 0, 2, True, 1425246034.498352)
(0, -10, 75.3, 150.3625, 230, 0, 2, True, 1425246034.600358)
(0, -10, 75.3, 150.3625, 230, 0, 2, True, 1425246034.70909)
(0, -10, 75.3, 150.3625, 230, 0, 2, True, 1425246038.028585)
(0, -10, 75.3, 150.3625, 230, 0, 2, True, 1425246038.131109)
(0, -10, 75.3, 150.3625, 230, 0, 2, True, 1425246038.233168)
(0, -10, 75.3, 150.3625, 230, 0, 2, True, 1425246038.334859)
(0, -10, 75.3, 150.3625, 230, 0, 2, True, 1425246038.440742)
(0, -10, 75.3, 150.3625, 230, 0, 2, True, 1425246038.546184)
(0, -10, 75.3, 150.3625, 230, 0, 2, True, 1425246038.6491)
(0, -10, 75.3, 150.3625, 230, 0, 2, True, 1425246038.754498)
(0, -10, 75.3, 150.3625, 230, 0, 2, True, 1425246038.856264)
(0, -10, 75.3, 150.3625, 230, 0, 2, True, 1425246038.958117)
(0, -10, 75.3, 149.9875, 230, 0, 2, True, 1425246042.281122)
(0, -10, 75.3, 149.9875, 230, 0, 2, True, 1425246042.385355)
(0, -10, 75.3, 149.9875, 230, 0, 2, True, 1425246042.489322)
(0, -10, 75.3, 149.9875, 230, 0, 2, True, 1425246042.591615)
(0, -10, 75.3, 149.9875, 230, 0, 2, True, 1425246042.693725)
(0, -10, 75.3, 149.9875, 230, 0, 2, True, 1425246042.800971)
(0, -10, 75.3, 149.9875, 230, 0, 2, True, 1425246042.903244)
(0, -10, 75.3, 149.9875, 230, 0, 2, True, 1425246043.005105)
(0, -10, 75.3, 149.9875, 230, 0, 2, True, 1425246043.106945)
(0, -10, 75.3, 149.9875, 230, 0, 2, True, 1425246043.209254)
(0, -10, 75.3, 146.85172413793103, 230, 0, 2, True, 1425246046.60412)
(0, -10, 75.3, 146.85172413793103, 230, 0, 2, True, 1425246046.708277)
(0, -10, 75.3, 146.85172413793103, 230, 0, 2, True, 1425246046.811995)
(0, -10, 75.3, 146.85172413793103, 230, 0, 2, True, 1425246046.914072)
(0, -10, 75.3, 146.85172413793103, 230, 0, 2, True, 1425246047.015982)
(0, -10, 75.3, 146.85172413793103, 230, 0, 2, True, 1425246047.120389)
(0, -10, 75.3, 146.85172413793103, 230, 0, 2, True, 1425246047.225262)
(0, -10, 75.3, 146.85172413793103, 230, 0, 2, True, 1425246047.327207)
(0, -10, 75.5, 147.05172413793105, 230, 0, 2, True, 1425246047.429348)
(0, -10, 75.5, 147.05172413793105, 230, 0, 2, True, 1425246047.531684)
(0, -10, 75.4, 143.525, 230, 0, 2, True, 1425246051.061385)
(0, -10, 75.4, 143.525, 230, 0, 2, True, 1425246051.163385)
(0, -10, 75.4, 143.525, 230, 0, 2, True, 1425246051.270052)
(0, -10, 75.4, 143.525, 230, 0, 2, True, 1425246051.371617)
(0, -10, 75.4, 143.525, 230, 0, 2, True, 1425246051.473948)
(0, -10, 75.4, 143.525, 230, 0, 2, True, 1425246051.57903)
(0, -10, 75.4, 143.525, 230, 0, 2, True, 1425246051.685565)
(0, -10, 75.4, 143.525, 230, 0, 2, True, 1425246051.787483)
(0, -10, 75.4, 143.525, 230, 0, 2, True, 1425246051.889643)
(0, -10, 75.4, 143.525, 230, 0, 2, True, 1425246051.994728)
(0, -10, 75.3, 150.0466216216216, 230, 0, 2, True, 1425246055.236693)
(0, -10, 75.3, 150.0466216216216, 230, 0, 2, True, 1425246055.338338)
(0, -10, 75.3, 150.0466216216216, 230, 0, 2, True, 1425246055.440384)
(0, -10, 75.3, 150.0466216216216, 230, 0, 2, True, 1425246055.541988)
(0, -10, 75.3, 150.0466216216216, 230, 0, 2, True, 1425246055.644859)
(0, -10, 75.3, 150.0466216216216, 230, 0, 2, True, 1425246055.748755)
(0, -10, 75.3, 150.0466216216216, 230, 0, 2, True, 1425246055.849976)
(0, -10, 75.3, 150.0466216216216, 230, 0, 2, True, 1425246055.952206)
(0, -10, 75.3, 150.0466216216216, 230, 0, 2, True, 1425246056.054009)
(0, -10, 75.3, 150.0466216216216, 230, 0, 2, True, 1425246056.157629)
