(0, -10, 0, 316.7048347771676, 230, 0, 0, False, 1425243473.081606)
(0, -10, 0, 316.7048347771676, 230, 0, 0, True, 1425243473.182948)
(0, -10, 0, 316.7048347771676, 230, 0, 0, True, 1425243473.288137)
(0, -10, 0, 316.7048347771676, 230, 0, 0, True, 1425243473.390216)
(0, -10, 0, 316.7048347771676, 230, 0, 0, True, 1425243473.492027)
(0, -10, 0, 316.7048347771676, 230, 0, 0, True, 1425243473.594525)
(0, -10, 0, 316.7048347771676, 230, 0, 0, True, 1425243473.698606)
(0, -10, 0, 316.7048347771676, 230, 0, 0, True, 1425243473.801777)
(0, -10, 0, 316.7048347771676, 230, 0, 0, True, 1425243473.906811)
(0, -10, 0, 316.7048347771676, 230, 0, 0, True, 1425243474.010149)
(0, -10, 0, 316.7048347771676, 230, 0, 0, True, 1425243474.120547)
(0, -10, 0, 316.7048347771676, 230, 0, 0, True, 1425243474.223727)
(0, -10, 0, 316.7048347771676, 230, 0, 0, True, 1425243474.328769)
(0, -10, 0, 316.7048347771676, 230, 0, 0, True, 1425243474.431957)
(0, -10, 0, 316.7048347771676, 230, 0, 0, True, 1425243474.537947)
(0, -10, 0, 316.7048347771676, 230, 0, 0, True, 1425243474.651022)
(0, -10, 0, 316.7048347771676, 230, 0, 0, True, 1425243474.754821)
(0, -10, 0, 316.7048347771676, 230, 0, 0, True, 1425243474.864545)
(0, -10, 0, 316.7048347771676, 230, 0, 0, True, 1425243474.967815)
(0, -10, 0, 316.7048347771676, 230, 0, 0, True, 1425243475.070891)
(0, -10, 0, 316.7048347771676, 230, 0, 0, True, 1425243475.185297)
(0, -10, 0, 316.7048347771676, 230, 0, 0, True, 1425243475.29183)
(0, -10, 0, 316.7048347771676, 230, 0, 0, True, 1425243475.394838)
(0, -10, 0, 316.7048347771676, 230, 0, 0, True, 1425243475.499499)
(0, -10, 0, 316.7048347771676, 230, 0, 0, True, 1425243475.60246)
(0, -10, 0, 316.7048347771676, 230, 0, 0, True, 1425243475.706872)
(0, -10, 0, 316.7048347771676, 230, 0, 0, True, 1425243475.810084)
(0, -10, 0, 316.7048347771676, 230, 0, 0, True, 1425243475.916178)
(0, -10, 0, 316.7048347771676, 230, 0, 0, True, 1425243476.020049)
(0, -10, 0, 316.7048347771676, 230, 0, 0, True, 1425243476.123523)
(0, -10, 0, 316.7048347771676, 230, 0, 0, True, 1425243476.238193)
(0, -10, 0, 316.7048347771676, 230, 0, 0, True, 1425243476.342187)
(0, -10, 0, 316.7048347771676, 230, 0, 0, True, 1425243476.445272)
(0, -10, 0, 316.7048347771676, 230, 0, 0, True, 1425243476.550275)
(0, -10, 0, 316.7048347771676, 230, 0, 0, True, 1425243476.653431)
(0, -10, 0, 316.7048347771676, 230, 0, 0, True, 1425243476.759271)
(0, -10, 0, 316.7048347771676, 230, 0, 0, True, 1425243476.862703)
(0, -10, 0, 316.7048347771676, 230, 0, 0, True, 1425243476.965862)
(0, -10, 0, 316.7048347771676, 230, 0, 0, True, 1425243477.069206)
(0, -10, 0, 316.7048347771676, 230, 0, 0, True, 1425243477.173954)
(0, -10, 0, 316.7048347771676, 230, 0, 0, True, 1425243477.288107)
(0, -10, 0, 316.7048347771676, 230, 0, 0, True, 1425243477.391145)
(0, -10, 0, 316.7048347771676, 230, 0, 0, True, 1425243477.494603)
(0, -10, 0, 316.7048347771676, 230, 0, 0, True, 1425243477.597625)
(0, -10, 0, 316.7048347771676, 230, 0, 0, True, 1425243477.702824)
(0, -10, 0, 316.7048347771676, 230, 0, 0, True, 1425243477.808009)
(0, -10, 0, 316.7048347771676, 230, 0, 0, True, 1425243477.914645)
(0, -10, 0, 316.7048347771676, 230, 0, 0, True, 1425243478.018111)
(0, -10, 0, 316.7048347771676, 230, 0, 0, True, 1425243478.125443)
(0, -10, 0, 316.7048347771676, 230, 0, 0, True, 1425243478.229316)
(0, -10, 0, 316.7048347771676, 230, 0, 0, True, 1425243478.343472)
(0, -10, 0, 316.7048347771676, 230, 0, 0, True, 1425243478.44715)
(0, -10, 0, 316.7048347771676, 230, 0, 0, True, 1425243478.550785)
(0, -10, 0, 316.7048347771676, 230, 0, 0, True, 1425243478.654844)
(0, -10, 0, 316.7048347771676, 230, 0, 0, True, 1425243478.757845)
(0, -10, 0, 316.7048347771676, 230, 0, 0, True, 1425243478.86438)
(0, -10, 0, 316.7048347771676, 230, 0, 0, True, 1425243478.967739)
(0, -10, 0, 316.7048347771676, 230, 0, 0, True, 1425243479.075158)
(0, -10, 0, 316.7048347771676, 230, 0, 0, True, 1425243479.179011)
(0, -10, 0, 316.7048347771676, 230, 0, 0, True, 1425243479.282735)
(0, -10, 0, 316.7048347771676, 230, 0, 0, True, 1425243479.39909)
(0, -10, 0, 316.7048347771676, 230, 0, 0, True, 1425243479.502102)
(0, -10, 0, 316.7048347771676, 230, 0, 0, True, 1425243479.606473)
(0, -10, 0, 316.7048347771676, 230, 0, 0, True, 1425243479.712671)
(0, -10, 0, 316.7048347771676, 230, 0, 0, True, 1425243479.818915)
(0, -10, 0, 316.7048347771676, 230, 0, 0, True, 1425243479.923468)
(0, -10, 0, 316.7048347771676, 230, 0, 0, True, 1425243480.03258)
