(0, -10, 124.6, 124.6, 230, 0, 2, True, 1425244135.803823)
(0, -10, 124.6, 124.6, 230, 0, 2, True, 1425244135.906536)
(0, -10, 124.6, 124.6, 230, 0, 2, True, 1425244136.009831)
(0, -10, 124.6, 124.6, 230, 0, 2, True, 1425244136.113408)
(0, -10, 124.6, 124.6, 230, 0, 2, True, 1425244136.215051)
(0, -10, 124.6, 124.6, 230, 0, 2, True, 1425244136.319674)
(0, -10, 124.6, 124.6, 230, 0, 2, True, 1425244136.422813)
(0, -10, 124.6, 124.6, 230, 0, 2, True, 1425244136.524586)
(0, -10, 124.6, 124.6, 230, 0, 2, True, 1425244136.629852)
(0, -10, 124.6, 124.6, 230, 0, 2, True, 1425244136.731852)
