(0, -10, 0, 316.70194798219575, 230, 0, 2, False, 1425247645.051286)
(0, -10, 0, 316.70194798219575, 230, 0, 2, False, 1425247645.152206)
(0, -10, 0, 316.70194798219575, 230, 0, 2, False, 1425247645.253179)
(0, -10, 0, 316.70194798219575, 230, 0, 2, False, 1425247645.355542)
(0, -10, 0, 316.70194798219575, 230, 0, 2, False, 1425247645.456533)
(0, -10, 0, 316.70194798219575, 230, 0, 2, False, 1425247645.56026)
(0, -10, 0, 316.70194798219575, 230, 0, 2, False, 1425247645.663189)
(0, -10, 0, 316.70194798219575, 230, 0, 2, False, 1425247645.764881)
(0, -10, 0, 316.70194798219575, 230, 0, 2, False, 1425247645.867084)
(0, -10, 0, 316.70194798219575, 230, 0, 2, False, 1425247645.969108)
(0, -10, 0, 316.70194798219575, 230, 0, 2, False, 1425247646.085169)
(0, -10, 0, 316.70194798219575, 230, 0, 2, False, 1425247646.187769)
(0, -10, 0, 316.70194798219575, 230, 0, 2, False, 1425247646.289617)
(0, -10, 0, 316.70194798219575, 230, 0, 2, False, 1425247646.394647)
(0, -10, 0, 316.70194798219575, 230, 0, 2, False, 1425247646.496518)
(0, -10, 0, 316.70194798219575, 230, 0, 2, False, 1425247646.600729)
(0, -10, 0, 316.70194798219575, 230, 0, 2, False, 1425247646.702661)
(0, -10, 0, 316.70194798219575, 230, 0, 2, False, 1425247646.804773)
(0, -10, 0, 316.70194798219575, 230, 0, 2, False, 1425247646.906791)
(0, -10, 0, 316.70194798219575, 230, 0, 2, False, 1425247647.008552)
(0, -10, 0, 316.70194798219575, 230, 0, 2, False, 1425247647.11892)
(0, -10, 0, 316.70194798219575, 230, 0, 2, True, 1425247647.221435)
(0, -10, 0, 316.70194798219575, 230, 0, 2, True, 1425247647.325786)
(0, -10, 0, 316.70194798219575, 230, 0, 2, True, 1425247647.42799)
(0, -10, 0, 316.70194798219575, 230, 0, 2, True, 1425247647.530487)
(0, -10, 0, 316.70194798219575, 230, 0, 2, True, 1425247647.635383)
(0, -10, 0, 316.70194798219575, 230, 0, 2, True, 1425247647.737798)
(0, -10, 0, 316.70194798219575, 230, 0, 2, True, 1425247647.840821)
(0, -10, 0, 316.70194798219575, 230, 0, 2, True, 1425247647.942947)
(0, -10, 0, 316.70194798219575, 230, 0, 2, True, 1425247648.045155)
(0, -10, 0, 316.70194798219575, 230, 0, 2, True, 1425247648.157964)
(0, -10, 0, 316.70194798219575, 230, 0, 2, True, 1425247648.260278)
(0, -10, 0, 316.70194798219575, 230, 0, 2, True, 1425247648.362611)
(0, -10, 0, 316.70194798219575, 230, 0, 2, True, 1425247648.465219)
(0, -10, 0, 316.70194798219575, 230, 0, 2, True, 1425247648.567401)
(0, -10, 0, 316.70194798219575, 230, 0, 2, True, 1425247648.675776)
(0, -10, 0, 316.70194798219575, 230, 0, 2, True, 1425247648.777867)
(0, -10, 0, 316.70194798219575, 230, 0, 2, True, 1425247648.880166)
(0, -10, 0, 316.70194798219575, 230, 0, 2, True, 1425247648.982467)
(0, -10, 0, 316.70194798219575, 230, 0, 2, True, 1425247649.084663)
(0, -10, 0, 316.70194798219575, 230, 0, 2, True, 1425247649.197432)
(0, -10, 0, 316.70194798219575, 230, 0, 2, True, 1425247649.299454)
(0, -10, 0, 316.70194798219575, 230, 0, 2, True, 1425247649.401368)
(0, -10, 0, 316.70194798219575, 230, 0, 2, True, 1425247649.503247)
(0, -10, 0, 316.70194798219575, 230, 0, 2, True, 1425247649.605238)
(0, -10, 0, 316.70194798219575, 230, 0, 2, True, 1425247649.710093)
(0, -10, 0, 316.70194798219575, 230, 0, 2, True, 1425247649.815427)
(0, -10, 0, 316.70194798219575, 230, 0, 2, True, 1425247649.917343)
(0, -10, 0, 316.70194798219575, 230, 0, 2, True, 1425247650.019321)
(0, -10, 0, 316.70194798219575, 230, 0, 2, True, 1425247650.121334)
(0, -10, 0, 316.70194798219575, 230, 0, 2, True, 1425247650.232455)
(0, -10, 0, 316.70194798219575, 230, 0, 2, True, 1425247650.334523)
(0, -10, 0, 316.70194798219575, 230, 0, 2, True, 1425247650.439666)
(0, -10, 0, 316.70194798219575, 230, 0, 2, True, 1425247650.545149)
(0, -10, 0, 316.70194798219575, 230, 0, 2, True, 1425247650.647622)
(0, -10, 0, 316.70194798219575, 230, 0, 2, True, 1425247650.751419)
(0, -10, 0, 316.70194798219575, 230, 0, 2, True, 1425247650.854503)
(0, -10, 0, 316.70194798219575, 230, 0, 2, True, 1425247650.957148)
(0, -10, 0, 316.70194798219575, 230, 0, 2, True, 1425247651.059316)
(0, -10, 0, 316.70194798219575, 230, 0, 2, True, 1425247651.162253)
(0, -10, 0, 316.70194798219575, 230, 0, 2, True, 1425247651.27906)
(0, -10, 0, 316.70194798219575, 230, 0, 2, True, 1425247651.381262)
(0, -10, 0, 316.70194798219575, 230, 0, 2, True, 1425247651.483412)
(0, -10, 0, 316.70194798219575, 230, 0, 2, True, 1425247651.585401)
(0, -10, 0, 316.70194798219575, 230, 0, 2, True, 1425247651.687414)
(0, -10, 0, 316.70194798219575, 230, 0, 2, True, 1425247651.795623)
(0, -10, 0, 316.70194798219575, 230, 0, 2, True, 1425247651.898503)
(0, -10, 0, 316.70194798219575, 230, 0, 2, True, 1425247652.00076)
(0, -10, 0, 316.70194798219575, 230, 0, 2, True, 1425247652.102468)
(0, -10, 0, 316.70194798219575, 230, 0, 2, True, 1425247652.204288)
(0, -10, 0, 316.70194798219575, 230, 0, 2, True, 1425247652.319657)
(0, -10, 0, 316.70194798219575, 230, 0, 2, True, 1425247652.422503)
(0, -10, 0, 316.70194798219575, 230, 0, 2, True, 1425247652.528307)
(0, -10, 0, 316.70194798219575, 230, 0, 2, True, 1425247652.630407)
(0, -10, 0, 316.70194798219575, 230, 0, 2, True, 1425247652.732778)
(0, -10, 0, 316.70194798219575, 230, 0, 2, True, 1425247652.841077)
(0, -10, 0, 316.70194798219575, 230, 0, 2, True, 1425247652.943367)
(0, -10, 0, 316.70194798219575, 230, 0, 2, True, 1425247653.045315)
(0, -10, 0, 316.70194798219575, 230, 0, 2, True, 1425247653.147398)
(0, -10, 0, 316.70194798219575, 230, 0, 2, True, 1425247653.250744)
(0, -10, 0, 316.70194798219575, 230, 0, 2, True, 1425247653.360866)
(0, -10, 0, 316.70194798219575, 230, 0, 2, True, 1425247653.471568)
(0, -10, 0, 316.70194798219575, 230, 0, 2, True, 1425247653.574771)
(0, -10, 0, 316.70194798219575, 230, 0, 2, True, 1425247653.67664)
(0, -10, 0, 316.70194798219575, 230, 0, 2, True, 1425247653.778581)
(0, -10, 0, 316.70194798219575, 230, 0, 2, True, 1425247653.883819)
(0, -10, 0, 316.70194798219575, 230, 0, 2, True, 1425247653.986088)
(0, -10, 0, 316.70194798219575, 230, 0, 2, True, 1425247654.08823)
(0, -10, 0, 316.70194798219575, 230, 0, 2, True, 1425247654.190338)
(0, -10, 0, 316.70194798219575, 230, 0, 2, True, 1425247654.292099)
(0, -10, 0, 316.70194798219575, 230, 0, 2, True, 1425247654.402527)
(0, -10, 0, 316.70194798219575, 230, 0, 2, True, 1425247654.507343)
(0, -10, 0, 316.70194798219575, 230, 0, 2, True, 1425247654.609679)
(0, -10, 0, 316.70194798219575, 230, 0, 2, True, 1425247654.712174)
(0, -10, 0, 316.70194798219575, 230, 0, 2, True, 1425247654.81742)
(0, -10, 0, 316.70194798219575, 230, 0, 2, True, 1425247654.92202)
(0, -10, 0, 316.70194798219575, 230, 0, 2, True, 1425247655.024691)
(0, -10, 0, 316.70194798219575, 230, 0, 2, True, 1425247655.126657)
(0, -10, 0, 316.70194798219575, 230, 0, 2, True, 1425247655.231649)
(0, -10, 0, 316.70194798219575, 230, 0, 2, True, 1425247655.333668)
(0, -10, 0, 316.70194798219575, 230, 0, 2, True, 1425247655.457714)
(0, -10, 0, 316.70194798219575, 230, 0, 2, True, 1425247655.559622)
(0, -10, 0, 316.70194798219575, 230, 0, 2, True, 1425247655.661543)
(0, -10, 0, 316.70194798219575, 230, 0, 2, True, 1425247655.763638)
(0, -10, 0, 316.70194798219575, 230, 0, 2, True, 1425247655.865499)
(0, -10, 0, 316.70194798219575, 230, 0, 2, True, 1425247655.973375)
(0, -10, 0, 316.70194798219575, 230, 0, 2, True, 1425247656.075266)
(0, -10, 0, 316.70194798219575, 230, 0, 2, True, 1425247656.177034)
(0, -10, 0, 316.70194798219575, 230, 0, 2, True, 1425247656.282521)
(0, -10, 0, 316.70194798219575, 230, 0, 2, True, 1425247656.384692)
(0, -10, 0, 316.70194798219575, 230, 0, 2, True, 1425247656.502448)
(0, -10, 0, 316.70194798219575, 230, 0, 2, True, 1425247656.604619)
(0, -10, 0, 316.70194798219575, 230, 0, 2, True, 1425247656.706772)
(0, -10, 0, 316.70194798219575, 230, 0, 2, True, 1425247656.809387)
(0, -10, 0, 316.70194798219575, 230, 0, 2, True, 1425247656.911301)
(0, -10, 0, 316.70194798219575, 230, 0, 2, True, 1425247657.016214)
(0, -10, 0, 316.70194798219575, 230, 0, 2, True, 1425247657.118071)
(0, -10, 0, 316.70194798219575, 230, 0, 2, True, 1425247657.219887)
(0, -10, 0, 316.70194798219575, 230, 0, 2, True, 1425247657.323109)
(0, -10, 0, 316.70194798219575, 230, 0, 2, True, 1425247657.424964)
(0, -10, 0, 316.70194798219575, 230, 0, 2, True, 1425247657.541376)
(0, -10, 0, 316.70194798219575, 230, 0, 2, True, 1425247657.644627)
(0, -10, 0, 316.70194798219575, 230, 0, 2, True, 1425247657.746554)
(0, -10, 0, 316.70194798219575, 230, 0, 2, True, 1425247657.848859)
(0, -10, 0, 316.70194798219575, 230, 0, 2, True, 1425247657.951405)
(0, -10, 0, 316.70194798219575, 230, 0, 2, True, 1425247658.055914)
(0, -10, 0, 316.70194798219575, 230, 0, 2, True, 1425247658.157983)
(0, -10, 0, 316.70194798219575, 230, 0, 2, True, 1425247658.26053)
(0, -10, 0, 316.70194798219575, 230, 0, 2, True, 1425247658.362353)
(0, -10, 0, 316.70194798219575, 230, 0, 2, True, 1425247658.464923)
(0, -10, 0, 316.70194798219575, 230, 0, 2, True, 1425247658.581812)
(0, -10, 0, 316.70194798219575, 230, 0, 2, True, 1425247658.684813)
(0, -10, 0, 316.70194798219575, 230, 0, 2, True, 1425247658.786809)
(0, -10, 0, 316.70194798219575, 230, 0, 2, True, 1425247658.893001)
(0, -10, 0, 316.70194798219575, 230, 0, 2, True, 1425247658.99503)
