(0, -10, 124.7, 316.70194798219575, 230, 0, 2, True, 1425243815.636299)
(0, -10, 124.7, 316.70194798219575, 230, 0, 2, False, 1425243815.738879)
(0, -10, 124.7, 316.70194798219575, 230, 0, 2, False, 1425243815.841091)
(0, -10, 124.7, 316.70194798219575, 230, 0, 2, False, 1425243815.94309)
(0, -10, 124.7, 316.70194798219575, 230, 0, 2, False, 1425243816.048856)
(0, -10, 124.7, 316.70194798219575, 230, 0, 2, False, 1425243816.150696)
(0, -10, 124.7, 316.70194798219575, 230, 0, 2, True, 1425243816.252786)
(0, -10, 124.7, 316.70194798219575, 230, 0, 2, True, 1425243816.3548)
(0, -10, 124.7, 316.70194798219575, 230, 0, 2, True, 1425243816.460641)
(0, -10, 124.7, 316.70194798219575, 230, 0, 2, True, 1425243816.563043)
(0, -10, 124.8, 316.70194798219575, 230, 0, 2, True, 1425243818.452697)
(0, -10, 124.8, 316.70194798219575, 230, 0, 2, True, 1425243818.555244)
(0, -10, 124.8, 316.70194798219575, 230, 0, 2, True, 1425243818.658755)
(0, -10, 124.8, 316.70194798219575, 230, 0, 2, True, 1425243818.760646)
(0, -10, 124.8, 316.70194798219575, 230, 0, 2, True, 1425243818.862701)
(0, -10, 124.8, 316.70194798219575, 230, 0, 2, True, 1425243818.966889)
(0, -10, 124.8, 316.70194798219575, 230, 0, 2, True, 1425243819.068955)
(0, -10, 124.8, 316.70194798219575, 230, 0, 2, True, 1425243819.171183)
(0, -10, 124.8, 316.70194798219575, 230, 0, 2, True, 1425243819.273536)
(0, -10, 124.8, 316.70194798219575, 230, 0, 2, True, 1425243819.375624)
