(0, -10, 0, 0, 230, 0, 2, False, 1425244318.178189)
(0, -10, 0, 0, 230, 0, 2, False, 1425244318.279153)
(0, -10, 0, 0, 230, 0, 2, False, 1425244318.380182)
(0, -10, 0, 0, 230, 0, 2, False, 1425244318.48124)
(0, -10, 0, 0, 230, 0, 2, False, 1425244318.582182)
(0, -10, 0, 0, 230, 0, 2, False, 1425244318.684315)
(0, -10, 0, 0, 230, 0, 2, False, 1425244318.786149)
(0, -10, 0, 0, 230, 0, 2, False, 1425244318.889514)
(0, -10, 0, 0, 230, 0, 2, False, 1425244318.991245)
(0, -10, 0, 0, 230, 0, 2, False, 1425244319.093651)
(0, -10, 0, 0, 230, 0, 2, False, 1425244319.197861)
(0, -10, 0, 0, 230, 0, 2, False, 1425244319.301347)
(0, -10, 0, 0, 230, 0, 2, False, 1425244319.403077)
(0, -10, 0, 0, 230, 0, 2, False, 1425244319.504923)
(0, -10, 0, 0, 230, 0, 2, False, 1425244319.610402)
(0, -10, 0, 0, 230, 0, 2, False, 1425244319.712385)
(0, -10, 0, 0, 230, 0, 2, False, 1425244319.814634)
(0, -10, 0, 0, 230, 0, 2, False, 1425244319.916855)
(0, -10, 0, 0, 230, 0, 2, False, 1425244320.022859)
(0, -10, 0, 0, 230, 0, 2, False, 1425244320.125427)
(0, -10, 0, 0, 230, 0, 2, False, 1425244320.230012)
(0, -10, 0, 0, 230, 0, 2, False, 1425244320.332262)
(0, -10, 0, 0, 230, 0, 2, False, 1425244320.434131)
(0, -10, 0, 0, 230, 0, 2, False, 1425244320.536115)
(0, -10, 0, 0, 230, 0, 2, False, 1425244320.63854)
(0, -10, 0, 0, 230, 0, 2, False, 1425244320.740613)
(0, -10, 0, 0, 230, 0, 2, False, 1425244320.842413)
(0, -10, 0, 0, 230, 0, 2, False, 1425244320.948589)
(0, -10, 0, 0, 230, 0, 2, False, 1425244321.051154)
(0, -10, 0, 0, 230, 0, 2, False, 1425244321.153132)
(0, -10, 0, 0, 230, 0, 2, False, 1425244321.257778)
(0, -10, 0, 0, 230, 0, 2, False, 1425244321.360782)
(0, -10, 0, 0, 230, 0, 2, False, 1425244321.462971)
(0, -10, 0, 0, 230, 0, 2, False, 1425244321.564904)
(0, -10, 0, 0, 230, 0, 2, False, 1425244321.678663)
(0, -10, 0, 0, 230, 0, 2, False, 1425244321.784097)
(0, -10, 29.8, 29.8, 230, 0, 2, False, 1425244321.885993)
(0, -10, 29.8, 29.8, 230, 0, 2, False, 1425244321.988282)
(0, -10, 29.8, 29.8, 230, 0, 2, False, 1425244322.09133)
(0, -10, 29.8, 29.8, 230, 0, 2, False, 1425244322.194091)
(0, -10, 29.8, 29.8, 230, 0, 2, False, 1425244322.299066)
(0, -10, 29.8, 29.8, 230, 0, 2, False, 1425244322.405425)
(0, -10, 29.8, 29.8, 230, 0, 2, False, 1425244322.510421)
(0, -10, 29.8, 29.8, 230, 0, 2, False, 1425244322.612259)
(0, -10, 29.8, 29.8, 230, 0, 2, False, 1425244322.714326)
(0, -10, 29.8, 29.8, 230, 0, 2, False, 1425244322.816565)
(0, -10, 29.8, 29.8, 230, 0, 2, False, 1425244322.922609)
(0, -10, 29.8, 29.8, 230, 0, 2, False, 1425244323.024482)
(0, -10, 8.5, 8.5, 230, 0, 2, False, 1425244323.126934)
(0, -10, 8.5, 8.5, 230, 0, 2, False, 1425244323.229042)
(0, -10, 8.5, 8.5, 230, 0, 2, False, 1425244323.33311)
(0, -10, 8.5, 8.5, 230, 0, 2, False, 1425244323.437907)
(0, -10, 8.5, 8.5, 230, 0, 2, False, 1425244323.539998)
(0, -10, 8.5, 8.5, 230, 0, 2, False, 1425244323.641949)
(0, -10, 8.5, 8.5, 230, 0, 2, False, 1425244323.744474)
(0, -10, 8.5, 8.5, 230, 0, 2, False, 1425244323.846317)
(0, -10, 8.5, 8.5, 230, 0, 2, False, 1425244323.94862)
(0, -10, 8.5, 8.5, 230, 0, 2, False, 1425244324.050711)
(0, -10, 8.5, 8.5, 230, 0, 2, False, 1425244324.156991)
(0, -10, 8.5, 8.5, 230, 0, 2, False, 1425244324.258769)
(0, -10, 8.5, 8.5, 230, 0, 2, False, 1425244324.363438)
(0, -10, 8.5, 8.5, 230, 0, 2, False, 1425244324.465316)
(0, -10, 8.5, 8.5, 230, 0, 2, False, 1425244324.567039)
(0, -10, 8.5, 8.5, 230, 0, 2, False, 1425244324.669225)
(0, -10, 352.1, 352.1, 230, 0, 2, False, 1425244324.771359)
(0, -10, 352.1, 352.1, 230, 0, 2, False, 1425244324.87329)
(0, -10, 352.1, 352.1, 230, 0, 2, False, 1425244324.979262)
(0, -10, 352.1, 352.1, 230, 0, 2, False, 1425244325.08152)
(0, -10, 352.1, 352.1, 230, 0, 2, False, 1425244325.18387)
(0, -10, 352.1, 352.1, 230, 0, 2, False, 1425244325.285778)
(0, -10, 352.1, 352.1, 230, 0, 2, False, 1425244325.3927)
(0, -10, 352.1, 352.1, 230, 0, 2, False, 1425244325.495046)
(0, -10, 352.1, 352.1, 230, 0, 2, False, 1425244325.597075)
(0, -10, 352.1, 352.1, 230, 0, 2, False, 1425244325.704081)
(0, -10, 352.1, 352.1, 230, 0, 2, False, 1425244325.808765)
(0, -10, 352.1, 352.1, 230, 0, 2, False, 1425244325.911224)
(0, -10, 352.1, 352.1, 230, 0, 2, False, 1425244326.013417)
(0, -10, 352.1, 352.1, 230, 0, 2, False, 1425244326.117401)
(0, -10, 352.1, 352.1, 230, 0, 2, False, 1425244326.219333)
(0, -10, 349.5, 349.5, 230, 0, 2, False, 1425244326.32163)
