(0, -10, 0, 316.70194798219575, 230, 0, 2, False, 1425243434.105771)
(0, -10, 0, 316.70194798219575, 230, 0, 2, False, 1425243434.207816)
(0, -10, 0, 316.70194798219575, 230, 0, 2, False, 1425243434.308898)
(0, -10, 0, 316.70194798219575, 230, 0, 2, False, 1425243434.409863)
(0, -10, 0, 316.70194798219575, 230, 0, 2, False, 1425243434.511021)
(0, -10, 0, 316.70194798219575, 230, 0, 2, False, 1425243434.61268)
(0, -10, 0, 316.70194798219575, 230, 0, 2, False, 1425243434.714433)
(0, -10, 0, 316.70194798219575, 230, 0, 2, False, 1425243434.819237)
(0, -10, 0, 316.70194798219575, 230, 0, 2, False, 1425243434.921013)
(0, -10, 0, 316.70194798219575, 230, 0, 2, False, 1425243435.024603)
(0, -10, 0, 316.70194798219575, 230, 0, 2, False, 1425243435.126816)
(0, -10, 0, 316.70194798219575, 230, 0, 2, False, 1425243435.233406)
(0, -10, 0, 316.70194798219575, 230, 0, 2, False, 1425243435.334991)
(0, -10, 0, 316.70194798219575, 230, 0, 2, False, 1425243435.439045)
(0, -10, 0, 316.70194798219575, 230, 0, 2, False, 1425243435.544116)
(0, -10, 0, 316.70194798219575, 230, 0, 2, False, 1425243435.646084)
(0, -10, 0, 316.70194798219575, 230, 0, 2, False, 1425243435.750996)
(0, -10, 0, 316.70194798219575, 230, 0, 2, False, 1425243435.852811)
(0, -10, 0, 316.70194798219575, 230, 0, 2, False, 1425243435.95699)
(0, -10, 0, 316.70194798219575, 230, 0, 2, False, 1425243436.06291)
(0, -10, 0, 316.70194798219575, 230, 0, 2, False, 1425243436.165405)
(0, -10, 0, 316.70194798219575, 230, 0, 2, False, 1425243436.271926)
(0, -10, 0, 316.70194798219575, 230, 0, 2, False, 1425243436.376953)
(0, -10, 0, 316.70194798219575, 230, 0, 2, False, 1425243436.478879)
(0, -10, 0, 316.70194798219575, 230, 0, 2, False, 1425243436.583237)
(0, -10, 0, 316.70194798219575, 230, 0, 2, False, 1425243436.685005)
(0, -10, 0, 316.70194798219575, 230, 0, 2, False, 1425243436.786856)
(0, -10, 0, 316.70194798219575, 230, 0, 2, False, 1425243436.889005)
(0, -10, 0, 316.70194798219575, 230, 0, 2, False, 1425243436.993766)
(0, -10, 0, 316.70194798219575, 230, 0, 2, False, 1425243437.095636)
(0, -10, 0, 316.70194798219575, 230, 0, 2, False, 1425243437.202111)
(0, -10, 0, 316.70194798219575, 230, 0, 2, False, 1425243437.308867)
(0, -10, 0, 316.70194798219575, 230, 0, 2, False, 1425243437.410658)
(0, -10, 0, 316.70194798219575, 230, 0, 2, False, 1425243437.516644)
(0, -10, 0, 316.70194798219575, 230, 0, 2, False, 1425243437.618334)
(0, -10, 0, 316.70194798219575, 230, 0, 2, False, 1425243437.72008)
(0, -10, 0, 316.70194798219575, 230, 0, 2, False, 1425243437.822836)
(0, -10, 0, 316.70194798219575, 230, 0, 2, False, 1425243437.927293)
(0, -10, 0, 316.70194798219575, 230, 0, 2, False, 1425243438.029277)
(0, -10, 0, 316.70194798219575, 230, 0, 2, False, 1425243438.133729)
(0, -10, 0, 316.70194798219575, 230, 0, 2, False, 1425243438.23585)
(0, -10, 0, 316.70194798219575, 230, 0, 2, False, 1425243438.348435)
(0, -10, 0, 316.70194798219575, 230, 0, 2, False, 1425243438.452241)
