(0, -10, 0, 347.99232736572895, 230, 0, 2, True, 1425243140.651212)
(0, -10, 0, 347.99232736572895, 230, 0, 2, True, 1425243140.753808)
(0, -10, 0, 347.99232736572895, 230, 0, 2, True, 1425243140.859473)
(0, -10, 0, 347.99232736572895, 230, 0, 2, True, 1425243140.961231)
(0, -10, 0, 347.99232736572895, 230, 0, 2, True, 1425243141.063512)
(0, -10, 0, 347.99232736572895, 230, 0, 2, True, 1425243141.169378)
(0, -10, 0, 347.99232736572895, 230, 0, 2, True, 1425243141.271337)
(0, -10, 0, 347.99232736572895, 230, 0, 2, True, 1425243141.375234)
(0, -10, 0, 347.99232736572895, 230, 0, 2, True, 1425243141.478237)
(0, -10, 0, 347.99232736572895, 230, 0, 2, True, 1425243141.580346)
(0, -10, 0, 347.99232736572895, 230, 0, 2, True, 1425243147.164184)
(0, -10, 0, 347.99232736572895, 230, 0, 2, True, 1425243147.265999)
(0, -10, 0, 347.99232736572895, 230, 0, 2, True, 1425243147.367997)
(0, -10, 0, 347.99232736572895, 230, 0, 2, True, 1425243147.469975)
(0, -10, 0, 347.99232736572895, 230, 0, 2, True, 1425243147.572375)
(0, -10, 0, 347.99232736572895, 230, 0, 2, True, 1425243147.67621)
(0, -10, 0, 347.99232736572895, 230, 0, 2, True, 1425243147.778004)
(0, -10, 0, 347.99232736572895, 230, 0, 2, True, 1425243147.880361)
(0, -10, 0, 347.99232736572895, 230, 0, 2, True, 1425243147.98245)
(0, -10, 0, 347.99232736572895, 230, 0, 2, True, 1425243148.085626)
(0, -10, 0, 347.99232736572895, 230, 0, 2, True, 1425243153.793238)
(0, -10, 0, 347.99232736572895, 230, 0, 2, True, 1425243153.896078)
(0, -10, 0, 347.99232736572895, 230, 0, 2, True, 1425243153.997675)
(0, -10, 0, 347.99232736572895, 230, 0, 2, True, 1425243154.099554)
(0, -10, 0, 347.99232736572895, 230, 0, 2, True, 1425243154.201478)
(0, -10, 0, 347.99232736572895, 230, 0, 2, True, 1425243154.304999)
(0, -10, 0, 347.99232736572895, 230, 0, 2, True, 1425243154.407257)
(0, -10, 0, 347.99232736572895, 230, 0, 2, True, 1425243154.509479)
(0, -10, 0, 347.99232736572895, 230, 0, 2, True, 1425243154.612846)
(0, -10, 0, 347.99232736572895, 230, 0, 2, True, 1425243154.718377)
