(0, -10, 0, 316.70261680094234, 230, 0, 1, False, 1425246192.792786)
(0, -10, 0, 316.70261680094234, 230, 0, 1, False, 1425246192.893852)
(0, -10, 0, 316.70261680094234, 230, 0, 1, False, 1425246192.994646)
(0, -10, 0, 316.70261680094234, 230, 0, 1, False, 1425246193.098122)
(0, -10, 0, 329.89999999185693, 284.89999999185693, 2.52, 1, False, 1425246193.199379)
(0, -10, 0, 329.89999999185693, 284.89999999185693, 2.52, 1, False, 1425246193.303787)
(0, -10, 0, 329.89999999185693, 284.89999999185693, 2.52, 1, False, 1425246193.408816)
(0, -10, 0, 329.89999999185693, 284.89999999185693, 2.52, 1, False, 1425246193.511154)
(0, -10, 0, 329.89999999185693, 284.89999999185693, 2.52, 1, False, 1425246193.613131)
(0, -10, 0, 329.89999999185693, 284.89999999185693, 2.52, 1, False, 1425246193.718151)
(0, -10, 0, 329.89999999185693, 284.89999999185693, 2.52, 1, False, 1425246193.835025)
(0, -10, 345.8, 329.89999999185693, 284.89999999185693, 2.52, 1, False, 1425246193.937902)
(0, -10, 345.8, 329.89999999185693, 284.89999999185693, 2.52, 1, False, 1425246194.040275)
(0, -10, 345.8, 329.89999999185693, 284.89999999185693, 2.52, 1, False, 1425246194.141997)
(0, -10, 345.8, 351.7797244766297, 306.7797244766297, 3.3126038241200426, 1, False, 1425246194.244117)
(0, -10, 345.8, 351.7797244766297, 306.7797244766297, 3.3126038241200426, 1, False, 1425246194.346468)
(0, -10, 345.8, 351.7797244766297, 306.7797244766297, 3.3126038241200426, 1, False, 1425246194.451901)
(44.22219166666667, -76.48476, 345.8, 186.5891037739349, 306.7797244766297, 3.3126038241200426, 1, False, 1425246194.553772)
(44.22219166666667, -76.48476, 345.8, 186.5891037739349, 306.7797244766297, 3.3126038241200426, 1, False, 1425246194.676431)
(44.22219166666667, -76.48476, 345.8, 186.5891037739349, 306.7797244766297, 3.3126038241200426, 1, False, 1425246194.784166)
(44.22219166666667, -76.48476, 345.8, 186.5891037739349, 306.7797244766297, 3.3126038241200426, 1, False, 1425246194.902323)
(44.22219166666667, -76.48476, 345.8, 186.5891037739349, 306.7797244766297, 3.3126038241200426, 1, True, 1425246195.004918)
(44.22219166666667, -76.48476, 345.8, 186.5891037739349, 306.7797244766297, 3.3126038241200426, 1, True, 1425246195.106979)
(44.22219166666667, -76.48476, 345.8, 186.5891037739349, 306.7797244766297, 3.3126038241200426, 1, True, 1425246195.21163)
(44.22219166666667, -76.48476, 345.8, 186.5891037739349, 306.7797244766297, 3.3126038241200426, 1, True, 1425246195.313611)
(44.22219166666667, -76.48476, 345.8, 186.5891037739349, 306.7797244766297, 3.3126038241200426, 1, True, 1425246195.418978)
(44.22219166666667, -76.48476, 345.8, 186.5891037739349, 306.7797244766297, 3.3126038241200426, 1, True, 1425246195.520865)
(44.22220166666666, -76.484765, 345.8, 186.46303233283655, 306.7797244766297, 3.3126038241200426, 1, True, 1425246195.622904)
(44.22220166666666, -76.484765, 345.8, 186.46303233283655, 306.7797244766297, 3.3126038241200426, 1, True, 1425246195.729368)
(44.22220166666666, -76.484765, 345.8, 186.46303233283655, 306.7797244766297, 3.3126038241200426, 1, True, 1425246195.831566)
(44.22220166666666, -76.484765, 345.8, 186.46303233283655, 306.7797244766297, 3.3126038241200426, 1, True, 1425246195.949158)
(44.22220166666666, -76.484765, 345.8, 186.46303233283655, 306.7797244766297, 3.3126038241200426, 1, True, 1425246196.051732)
(44.22220166666666, -76.484765, 345.8, 186.46303233283655, 306.7797244766297, 3.3126038241200426, 1, True, 1425246196.153754)
(44.22220166666666, -76.484765, 345.8, 186.46303233283655, 306.7797244766297, 3.3126038241200426, 1, True, 1425246196.257543)
(44.22220166666666, -76.484765, 345.8, 186.46303233283655, 306.7797244766297, 3.3126038241200426, 1, True, 1425246196.36022)
(44.22220166666666, -76.484765, 345.8, 186.46303233283655, 306.7797244766297, 3.3126038241200426, 1, True, 1425246196.465327)
(44.22220166666666, -76.484765, 345.8, 186.46303233283655, 306.7797244766297, 3.3126038241200426, 1, True, 1425246196.567709)
(44.22220166666666, -76.484765, 345.8, 186.46303233283655, 306.7797244766297, 3.3126038241200426, 1, True, 1425246196.670293)
(44.22220166666666, -76.484765, 345.8, 186.46303233283655, 306.7797244766297, 3.3126038241200426, 1, True, 1425246196.772286)
(44.22220166666666, -76.484765, 345.8, 186.46303233283655, 306.7797244766297, 3.3126038241200426, 1, True, 1425246196.874591)
(44.22220166666666, -76.484765, 345.8, 186.46303233283655, 306.7797244766297, 3.3126038241200426, 1, True, 1425246196.992664)
(44.22220166666666, -76.484765, 329.3, 186.46303233283655, 299.6214466241904, 4.229222000008302, 1, True, 1425246197.094933)
(44.22220166666666, -76.484765, 329.3, 186.46303233283655, 299.6214466241904, 4.229222000008302, 1, True, 1425246197.197248)
(44.22220166666666, -76.484765, 329.3, 186.46303233283655, 299.6214466241904, 4.229222000008302, 1, True, 1425246197.30237)
(44.22220166666666, -76.484765, 329.3, 186.46303233283655, 299.6214466241904, 4.229222000008302, 1, True, 1425246197.404825)
(44.22220166666666, -76.484765, 329.3, 186.46303233283655, 299.6214466241904, 4.229222000008302, 1, True, 1425246197.515059)
(44.22220166666666, -76.484765, 329.3, 186.46303233283655, 299.6214466241904, 4.229222000008302, 1, True, 1425246197.617864)
(44.22220166666666, -76.484765, 329.3, 186.46303233283655, 299.6214466241904, 4.229222000008302, 1, True, 1425246197.720227)
(44.222206666666665, -76.48477166666666, 328.5, 186.32110301308407, 299.6214466241904, 4.229222000008302, 1, True, 1425246197.826134)
(44.222206666666665, -76.48477166666666, 328.5, 186.32110301308407, 299.6214466241904, 4.229222000008302, 1, True, 1425246197.928561)
(44.222206666666665, -76.48477166666666, 328.5, 186.32110301308407, 299.6214466241904, 4.229222000008302, 1, True, 1425246198.042383)
(44.222206666666665, -76.48477166666666, 328.5, 186.32110301308407, 296.8085848588536, 4.841296440197663, 1, True, 1425246198.14449)
(44.222206666666665, -76.48477166666666, 328.5, 186.32110301308407, 296.8085848588536, 4.841296440197663, 1, True, 1425246198.249967)
(44.222206666666665, -76.48477166666666, 328.5, 186.32110301308407, 296.8085848588536, 4.841296440197663, 1, True, 1425246198.352255)
(44.22221666666667, -76.48477, 327.3, 186.32339558715844, 296.8085848588536, 4.841296440197663, 1, True, 1425246198.454403)
(44.22221666666667, -76.48477, 327.3, 186.32339558715844, 296.8085848588536, 4.841296440197663, 1, True, 1425246198.560623)
(44.22221666666667, -76.48477, 327.3, 186.32339558715844, 296.8085848588536, 4.841296440197663, 1, True, 1425246198.665841)
(44.22221666666667, -76.48477, 327.3, 186.32339558715844, 296.8085848588536, 4.841296440197663, 1, True, 1425246198.768426)
(44.22221666666667, -76.48477, 327.3, 186.32339558715844, 298.1972485371436, 4.855616181077168, 1, True, 1425246198.870602)
(44.22221666666667, -76.48477, 327.3, 186.32339558715844, 298.1972485371436, 4.855616181077168, 1, True, 1425246198.974757)
(44.22221666666667, -76.48477, 327.3, 186.32339558715844, 298.1972485371436, 4.855616181077168, 1, True, 1425246199.092793)
(44.22221666666667, -76.48477, 327.3, 186.32339558715844, 301.1125434172531, 4.914735303848329, 1, True, 1425246199.194837)
(44.22221666666667, -76.48477, 327.3, 186.32339558715844, 301.1125434172531, 4.914735303848329, 1, True, 1425246199.297046)
(44.22221666666667, -76.48477, 327.3, 186.32339558715844, 301.1125434172531, 4.914735303848329, 1, True, 1425246199.399926)
(44.22221666666667, -76.48477, 327.3, 186.32339558715844, 301.1125434172531, 4.914735303848329, 1, True, 1425246199.502383)
(44.22221666666667, -76.48477, 327.3, 186.32339558715844, 301.1125434172531, 4.914735303848329, 1, True, 1425246199.610148)
(44.22221666666667, -76.48477, 327.3, 186.32339558715844, 301.1125434172531, 4.914735303848329, 1, True, 1425246199.712722)
(44.22221666666667, -76.48477, 327.3, 186.32339558715844, 301.1125434172531, 4.914735303848329, 1, True, 1425246199.815421)
(44.22221666666667, -76.48477, 327.3, 186.32339558715844, 301.1125434172531, 4.914735303848329, 1, True, 1425246199.917534)
(44.22221666666667, -76.48477, 327.3, 186.32339558715844, 301.1125434172531, 4.914735303848329, 1, True, 1425246200.019857)
(44.22221666666667, -76.48477, 327.3, 186.32339558715844, 301.1125434172531, 4.914735303848329, 1, True, 1425246200.133582)
(44.22221666666667, -76.48477, 327.3, 186.32339558715844, 303.0804920140633, 5.925481300103166, 1, True, 1425246200.236629)
(44.22221666666667, -76.48477, 327.3, 186.32339558715844, 303.0804920140633, 5.925481300103166, 1, True, 1425246200.338716)
(44.22221666666667, -76.48477, 327.3, 186.32339558715844, 303.0804920140633, 5.925481300103166, 1, True, 1425246200.443299)
(44.22221666666667, -76.48477, 327.3, 186.32339558715844, 303.0804920140633, 5.925481300103166, 1, True, 1425246200.545498)
(44.222233333333335, -76.48477833333334, 327.3, 186.11816897361888, 303.0804920140633, 5.925481300103166, 1, True, 1425246200.649611)
(44.222233333333335, -76.48477833333334, 327.3, 186.11816897361888, 303.0804920140633, 5.925481300103166, 1, True, 1425246200.752701)
(44.222233333333335, -76.48477833333334, 327.3, 186.11816897361888, 303.0804920140633, 5.925481300103166, 1, True, 1425246200.858287)
(44.222233333333335, -76.48477833333334, 327.3, 186.11816897361888, 303.0804920140633, 5.925481300103166, 1, True, 1425246200.961022)
(44.222233333333335, -76.48477833333334, 327.3, 186.11816897361888, 303.0804920140633, 5.925481300103166, 1, True, 1425246201.065663)
(44.222233333333335, -76.48477833333334, 327.3, 186.11816897361888, 303.0804920140633, 5.925481300103166, 1, True, 1425246201.182558)
(44.222233333333335, -76.48477833333334, 327.3, 186.11816897361888, 303.0804920140633, 5.925481300103166, 1, True, 1425246201.284677)
(44.222233333333335, -76.48477833333334, 327.3, 186.11816897361888, 303.0804920140633, 5.925481300103166, 1, True, 1425246201.387957)
(44.222233333333335, -76.48477833333334, 327.3, 186.11816897361888, 303.0804920140633, 5.925481300103166, 1, True, 1425246201.489998)
(44.222235, -76.48477833333334, 327.3, 186.11348175625108, 303.0804920140633, 5.925481300103166, 1, True, 1425246201.592282)
(44.222235, -76.48477833333334, 327.3, 186.11348175625108, 303.0804920140633, 5.925481300103166, 1, True, 1425246201.700735)
(44.222235, -76.48477833333334, 327.3, 186.11348175625108, 303.0804920140633, 5.925481300103166, 1, True, 1425246201.803528)
(44.222235, -76.48477833333334, 327.3, 186.11348175625108, 303.0804920140633, 5.925481300103166, 1, True, 1425246201.90604)
(44.222235, -76.48477833333334, 327.3, 186.11348175625108, 303.0804920140633, 5.925481300103166, 1, True, 1425246202.013121)
(44.222235, -76.48477833333334, 327.3, 186.11348175625108, 303.0804920140633, 5.925481300103166, 1, True, 1425246202.116086)
(44.222235, -76.48477833333334, 327.3, 186.11348175625108, 303.0804920140633, 5.925481300103166, 1, True, 1425246202.23336)
(44.222235, -76.48477833333334, 327.3, 186.11348175625108, 303.0804920140633, 5.925481300103166, 1, True, 1425246202.335745)
(44.222235, -76.48477833333334, 327.3, 186.11348175625108, 303.0804920140633, 5.925481300103166, 1, True, 1425246202.437878)
(44.222235, -76.48477833333334, 327.3, 186.11348175625108, 303.0804920140633, 5.925481300103166, 1, True, 1425246202.541501)
(44.222235, -76.48477833333334, 327.3, 186.11348175625108, 303.0804920140633, 5.925481300103166, 1, True, 1425246202.643572)
(44.222235, -76.48477833333334, 327.3, 186.11348175625108, 303.0804920140633, 5.925481300103166, 1, True, 1425246202.747422)
(44.222235, -76.48477833333334, 327.3, 186.11348175625108, 303.0804920140633, 5.925481300103166, 1, True, 1425246202.849426)
(44.222235, -76.48477833333334, 327.3, 186.11348175625108, 303.0804920140633, 5.925481300103166, 1, True, 1425246202.954732)
(44.222235, -76.48477833333334, 327.3, 186.11348175625108, 303.0804920140633, 5.925481300103166, 1, True, 1425246203.056964)
(44.222235, -76.48477833333334, 327.3, 186.11348175625108, 303.0804920140633, 5.925481300103166, 1, True, 1425246203.159048)
(44.222235, -76.48477833333334, 327.3, 186.11348175625108, 303.0804920140633, 5.925481300103166, 1, True, 1425246203.273234)
(44.222235, -76.48477833333334, 327.3, 186.11348175625108, 303.0804920140633, 5.925481300103166, 1, True, 1425246203.375817)
(44.222235, -76.48477833333334, 327.3, 186.11348175625108, 303.0804920140633, 5.925481300103166, 1, True, 1425246203.477863)
(44.222235, -76.48477833333334, 327.3, 186.11348175625108, 303.0804920140633, 5.925481300103166, 1, True, 1425246203.582025)
(44.22224166666667, -76.48478, 327.3, 186.06355790873684, 303.0804920140633, 5.925481300103166, 1, True, 1425246203.684449)
(44.22224166666667, -76.48478, 327.3, 186.06355790873684, 303.0804920140633, 5.925481300103166, 1, True, 1425246203.788814)
(44.22224166666667, -76.48478, 327.3, 186.06355790873684, 303.0804920140633, 5.925481300103166, 1, True, 1425246203.891582)
(44.22224166666667, -76.48478, 327.3, 186.06355790873684, 303.0804920140633, 5.925481300103166, 1, True, 1425246203.993836)
(44.22224166666667, -76.48478, 327.3, 186.06355790873684, 303.0804920140633, 5.925481300103166, 1, True, 1425246204.096667)
(44.22224166666667, -76.48478, 327.3, 186.06355790873684, 303.0804920140633, 5.925481300103166, 1, True, 1425246204.198622)
(44.22224166666667, -76.48478, 327.3, 186.06355790873684, 303.0804920140633, 5.925481300103166, 1, True, 1425246204.312133)
(44.22224166666667, -76.48478, 327.3, 186.06355790873684, 303.0804920140633, 5.925481300103166, 1, True, 1425246204.414177)
(44.22224166666667, -76.48478, 327.3, 186.06355790873684, 303.0804920140633, 5.925481300103166, 1, True, 1425246204.52028)
(44.22224166666667, -76.48478, 327.3, 186.06355790873684, 303.0804920140633, 5.925481300103166, 1, True, 1425246204.622882)
(44.22224333333333, -76.484785, 327.3, 185.96523971108803, 303.0804920140633, 5.925481300103166, 1, True, 1425246204.733102)
(44.22224333333333, -76.484785, 327.3, 185.96523971108803, 303.0804920140633, 5.925481300103166, 1, True, 1425246204.837551)
(44.22224333333333, -76.484785, 327.3, 185.96523971108803, 303.0804920140633, 5.925481300103166, 1, True, 1425246204.942455)
(44.22224333333333, -76.484785, 327.3, 185.96523971108803, 303.0804920140633, 5.925481300103166, 1, True, 1425246205.044443)
(44.22224333333333, -76.484785, 327.3, 185.96523971108803, 303.0804920140633, 5.925481300103166, 1, True, 1425246205.150247)
(44.22224333333333, -76.484785, 327.3, 185.96523971108803, 303.0804920140633, 5.925481300103166, 1, True, 1425246205.252683)
(44.22224333333333, -76.484785, 327.3, 185.96523971108803, 303.0804920140633, 5.925481300103166, 1, True, 1425246205.370222)
(44.22224333333333, -76.484785, 327.3, 185.96523971108803, 303.0804920140633, 5.925481300103166, 1, True, 1425246205.472346)
(44.22224333333333, -76.484785, 327.3, 185.96523971108803, 303.0804920140633, 5.925481300103166, 1, True, 1425246205.57473)
(44.22224333333333, -76.484785, 327.3, 185.96523971108803, 303.0804920140633, 5.925481300103166, 1, True, 1425246205.681062)
(44.22224333333333, -76.484785, 327.3, 185.96523971108803, 303.0804920140633, 5.925481300103166, 1, True, 1425246205.782936)
(44.22224333333333, -76.484785, 327.3, 185.96523971108803, 303.0804920140633, 5.925481300103166, 1, True, 1425246205.88722)
(44.22224333333333, -76.484785, 327.3, 185.96523971108803, 303.0804920140633, 5.925481300103166, 1, True, 1425246205.989276)
(44.22224333333333, -76.484785, 327.3, 185.96523971108803, 303.0804920140633, 5.925481300103166, 1, True, 1425246206.091486)
(44.22224333333333, -76.484785, 327.3, 185.96523971108803, 303.0804920140633, 5.925481300103166, 1, True, 1425246206.193715)
(44.22224333333333, -76.484785, 327.3, 185.96523971108803, 303.0804920140633, 5.925481300103166, 1, True, 1425246206.300127)
(44.22224333333333, -76.484785, 327.3, 185.96523971108803, 303.0804920140633, 5.925481300103166, 1, True, 1425246206.417177)
(44.22224333333333, -76.48478333333334, 327.3, 185.9964733112409, 303.0804920140633, 5.925481300103166, 1, True, 1425246206.519486)
(44.22224333333333, -76.48478333333334, 327.3, 185.9964733112409, 303.0804920140633, 5.925481300103166, 1, True, 1425246206.621571)
(44.22224333333333, -76.48478333333334, 327.3, 185.9964733112409, 303.0804920140633, 5.925481300103166, 1, True, 1425246206.724655)
(44.22224333333333, -76.48478333333334, 327.3, 185.9964733112409, 303.0804920140633, 5.925481300103166, 1, True, 1425246206.82712)
(44.22224333333333, -76.48478333333334, 327.3, 185.9964733112409, 303.0804920140633, 5.925481300103166, 1, True, 1425246206.931692)
(44.22224333333333, -76.48478333333334, 327.3, 185.9964733112409, 303.0804920140633, 5.925481300103166, 1, True, 1425246207.038121)
(44.22224333333333, -76.48478333333334, 327.3, 185.9964733112409, 303.0804920140633, 5.925481300103166, 1, True, 1425246207.139985)
(44.22224333333333, -76.48478333333334, 327.3, 185.9964733112409, 303.0804920140633, 5.925481300103166, 1, True, 1425246207.242188)
(44.22224333333333, -76.48478333333334, 327.3, 185.9964733112409, 303.0804920140633, 5.925481300103166, 1, True, 1425246207.34456)
(44.22224333333333, -76.48478333333334, 327.3, 185.9964733112409, 303.0804920140633, 5.925481300103166, 1, True, 1425246207.460062)
(44.222245, -76.48478333333334, 327.3, 185.99189913523398, 303.0804920140633, 5.925481300103166, 1, True, 1425246207.563828)
(44.222245, -76.48478333333334, 327.3, 185.99189913523398, 303.0804920140633, 5.925481300103166, 1, True, 1425246207.665904)
(44.222245, -76.48478333333334, 327.3, 185.99189913523398, 303.0804920140633, 5.925481300103166, 1, True, 1425246207.76819)
(44.222245, -76.48478333333334, 327.3, 185.99189913523398, 303.0804920140633, 5.925481300103166, 1, True, 1425246207.872264)
(44.222245, -76.48478333333334, 327.3, 185.99189913523398, 303.0804920140633, 5.925481300103166, 1, True, 1425246207.976257)
(44.222245, -76.48478333333334, 327.3, 185.99189913523398, 303.0804920140633, 5.925481300103166, 1, True, 1425246208.079018)
(44.222245, -76.48478333333334, 327.3, 185.99189913523398, 303.0804920140633, 5.925481300103166, 1, True, 1425246208.181319)
(44.222245, -76.48478333333334, 327.3, 185.99189913523398, 303.0804920140633, 5.925481300103166, 1, True, 1425246208.283923)
(44.222245, -76.48478333333334, 327.3, 185.99189913523398, 303.0804920140633, 5.925481300103166, 1, True, 1425246208.386171)
(44.222245, -76.48478333333334, 327.3, 185.99189913523398, 303.0804920140633, 5.925481300103166, 1, True, 1425246208.499873)
(44.222245, -76.48478333333334, 327.3, 185.99189913523398, 303.0804920140633, 5.925481300103166, 1, True, 1425246208.602002)
(44.222245, -76.48478333333334, 327.3, 185.99189913523398, 303.0804920140633, 5.925481300103166, 1, True, 1425246208.704178)
(44.222245, -76.48478333333334, 327.3, 185.99189913523398, 303.0804920140633, 5.925481300103166, 1, True, 1425246208.80632)
(44.222245, -76.48478333333334, 327.3, 185.99189913523398, 303.0804920140633, 5.925481300103166, 1, True, 1425246208.911878)
(44.222245, -76.48478333333334, 319.2, 185.99189913523398, 303.0804920140633, 5.925481300103166, 1, True, 1425246209.016173)
(44.222245, -76.48478333333334, 319.2, 185.99189913523398, 303.0804920140633, 5.925481300103166, 1, True, 1425246209.118574)
(44.222245, -76.48478333333334, 319.2, 185.99189913523398, 303.0804920140633, 5.925481300103166, 1, True, 1425246209.224111)
(44.222245, -76.48478333333334, 319.2, 185.99189913523398, 300.87261133181465, 6.389076072973858, 1, True, 1425246209.326507)
(44.222245, -76.48478333333334, 319.2, 185.99189913523398, 300.87261133181465, 6.389076072973858, 1, True, 1425246209.429198)
(44.222245, -76.48478333333334, 319.2, 185.99189913523398, 300.87261133181465, 6.389076072973858, 1, True, 1425246209.545709)
(44.222245, -76.48478333333334, 319.2, 185.99189913523398, 300.87261133181465, 6.389076072973858, 1, True, 1425246209.653322)
(44.22225, -76.48478666666666, 319.2, 185.9159349220737, 300.87261133181465, 6.389076072973858, 1, True, 1425246209.755478)
(44.22225, -76.48478666666666, 319.2, 185.9159349220737, 300.87261133181465, 6.389076072973858, 1, True, 1425246209.860866)
(44.22225, -76.48478666666666, 319.2, 185.9159349220737, 300.87261133181465, 6.389076072973858, 1, True, 1425246209.963441)
(44.22225, -76.48478666666666, 319.2, 185.9159349220737, 300.87261133181465, 6.389076072973858, 1, True, 1425246210.067519)
(44.22225, -76.48478666666666, 319.2, 185.9159349220737, 300.87261133181465, 6.389076072973858, 1, True, 1425246210.17713)
(44.22225, -76.48478666666666, 319.2, 185.9159349220737, 300.87261133181465, 6.389076072973858, 1, True, 1425246210.279807)
(44.22225, -76.48478666666666, 317.3, 185.9159349220737, 300.87261133181465, 6.389076072973858, 1, True, 1425246210.390225)
(44.22225, -76.48478666666666, 317.3, 185.9159349220737, 300.87261133181465, 6.389076072973858, 1, True, 1425246210.492315)
(44.22225, -76.48478666666666, 317.3, 185.9159349220737, 300.87261133181465, 6.389076072973858, 1, True, 1425246210.606474)
(44.22225, -76.48478666666666, 317.3, 185.9159349220737, 300.87261133181465, 6.389076072973858, 1, True, 1425246210.708887)
(44.222255, -76.48478666666666, 317.3, 185.9024559825498, 300.6726413630213, 6.872275252838037, 1, True, 1425246210.81127)
(44.222255, -76.48478666666666, 317.3, 185.9024559825498, 300.6726413630213, 6.872275252838037, 1, True, 1425246210.913769)
(44.222255, -76.48478666666666, 317.3, 185.9024559825498, 300.6726413630213, 6.872275252838037, 1, True, 1425246211.016312)
(44.222255, -76.48478666666666, 317.3, 185.9024559825498, 300.6726413630213, 6.872275252838037, 1, True, 1425246211.120191)
(44.222255, -76.48478666666666, 317.3, 185.9024559825498, 300.6726413630213, 6.872275252838037, 1, True, 1425246211.224728)
(44.222255, -76.48478666666666, 317.3, 185.9024559825498, 300.6726413630213, 6.872275252838037, 1, True, 1425246211.327365)
(44.222255, -76.48478666666666, 317.3, 185.9024559825498, 300.6726413630213, 6.872275252838037, 1, True, 1425246211.429489)
(44.222255, -76.48478666666666, 317.3, 185.9024559825498, 300.6726413630213, 6.872275252838037, 1, True, 1425246211.534965)
(44.222255, -76.48478666666666, 317.3, 185.9024559825498, 300.6726413630213, 6.872275252838037, 1, True, 1425246211.645884)
(44.222255, -76.48478666666666, 317.3, 185.9024559825498, 300.6726413630213, 6.872275252838037, 1, True, 1425246211.747831)
(44.222255, -76.48478666666666, 317.3, 185.9024559825498, 300.6726413630213, 6.872275252838037, 1, True, 1425246211.850142)
(44.222255, -76.48478666666666, 317.3, 185.9024559825498, 300.6726413630213, 6.872275252838037, 1, True, 1425246211.952147)
(44.222255, -76.48478666666666, 317.3, 185.9024559825498, 300.6726413630213, 6.872275252838037, 1, True, 1425246212.05467)
(44.222255, -76.48478666666666, 317.3, 185.9024559825498, 300.6726413630213, 6.872275252838037, 1, True, 1425246212.158615)
(44.222255, -76.48478666666666, 317.3, 185.9024559825498, 300.6726413630213, 6.872275252838037, 1, True, 1425246212.260711)
(44.222255, -76.48478666666666, 317.3, 185.9024559825498, 300.6726413630213, 6.872275252838037, 1, True, 1425246212.362861)
(44.222255, -76.48478666666666, 317.3, 185.9024559825498, 300.6726413630213, 6.872275252838037, 1, True, 1425246212.46855)
(44.222255, -76.48478666666666, 317.3, 185.9024559825498, 300.6726413630213, 6.872275252838037, 1, True, 1425246212.570958)
(44.22226333333333, -76.48479, 317.3, 185.81820107230772, 300.6726413630213, 6.872275252838037, 1, True, 1425246212.682044)
(44.22226333333333, -76.48479, 317.3, 185.81820107230772, 300.6726413630213, 6.872275252838037, 1, True, 1425246212.787543)
(44.22226333333333, -76.48479, 317.3, 185.81820107230772, 300.6726413630213, 6.872275252838037, 1, True, 1425246212.889905)
(44.22226333333333, -76.48479, 317.3, 185.81820107230772, 300.6726413630213, 6.872275252838037, 1, True, 1425246212.993291)
(44.22226333333333, -76.48479, 317.3, 185.81820107230772, 300.6726413630213, 6.872275252838037, 1, True, 1425246213.095563)
(44.22226333333333, -76.48479, 317.3, 185.81820107230772, 300.6726413630213, 6.872275252838037, 1, True, 1425246213.201809)
(44.22226333333333, -76.48479, 317.3, 185.81820107230772, 300.6726413630213, 6.872275252838037, 1, True, 1425246213.303829)
(44.22226333333333, -76.48479, 317.3, 185.81820107230772, 300.6726413630213, 6.872275252838037, 1, True, 1425246213.408034)
(44.22226333333333, -76.48479, 317.3, 185.81820107230772, 300.6726413630213, 6.872275252838037, 1, True, 1425246213.510511)
(44.22226833333333, -76.48479166666667, 317.3, 185.7741236777333, 300.6726413630213, 6.872275252838037, 1, True, 1425246213.61265)
(44.22226833333333, -76.48479166666667, 317.3, 185.7741236777333, 300.6726413630213, 6.872275252838037, 1, True, 1425246213.730305)
(44.22226833333333, -76.48479166666667, 317.3, 185.7741236777333, 300.6726413630213, 6.872275252838037, 1, True, 1425246213.833289)
(44.22226833333333, -76.48479166666667, 317.3, 185.7741236777333, 300.6726413630213, 6.872275252838037, 1, True, 1425246213.935316)
(44.22226833333333, -76.48479166666667, 317.3, 185.7741236777333, 300.6726413630213, 6.872275252838037, 1, True, 1425246214.037554)
(44.22226833333333, -76.48479166666667, 317.3, 185.7741236777333, 300.6726413630213, 6.872275252838037, 1, True, 1425246214.145178)
(44.22226833333333, -76.48479166666667, 317.3, 185.7741236777333, 300.6726413630213, 6.872275252838037, 1, True, 1425246214.249384)
(44.22226833333333, -76.48479166666667, 317.3, 185.7741236777333, 300.6726413630213, 6.872275252838037, 1, True, 1425246214.351646)
(44.22226833333333, -76.48479166666667, 317.3, 185.7741236777333, 300.6726413630213, 6.872275252838037, 1, True, 1425246214.45393)
(44.22226833333333, -76.48479166666667, 317.3, 185.7741236777333, 300.6726413630213, 6.872275252838037, 1, True, 1425246214.559888)
(44.22226833333333, -76.48479166666667, 317.3, 185.7741236777333, 300.6726413630213, 6.872275252838037, 1, True, 1425246214.662221)
(44.22226833333333, -76.48479166666667, 317.3, 185.7741236777333, 300.6726413630213, 6.872275252838037, 1, True, 1425246214.784717)
(44.22226833333333, -76.48479166666667, 317.3, 185.7741236777333, 300.6726413630213, 6.872275252838037, 1, True, 1425246214.887209)
(44.22226833333333, -76.48479166666667, 317.3, 185.7741236777333, 300.6726413630213, 6.872275252838037, 1, True, 1425246214.991843)
(44.22226833333333, -76.48479166666667, 317.3, 185.7741236777333, 300.6726413630213, 6.872275252838037, 1, True, 1425246215.094238)
(44.22226833333333, -76.48479166666667, 317.3, 185.7741236777333, 300.6726413630213, 6.872275252838037, 1, True, 1425246215.196395)
(44.22226833333333, -76.48479166666667, 317.3, 185.7741236777333, 300.6726413630213, 6.872275252838037, 1, True, 1425246215.304353)
(44.22226833333333, -76.48479166666667, 317.3, 185.7741236777333, 300.6726413630213, 6.872275252838037, 1, True, 1425246215.40686)
(44.22226833333333, -76.48479166666667, 317.3, 185.7741236777333, 300.6726413630213, 6.872275252838037, 1, True, 1425246215.509021)
(44.22226833333333, -76.48479166666667, 317.3, 185.7741236777333, 300.6726413630213, 6.872275252838037, 1, True, 1425246215.611225)
(44.22226833333333, -76.48479166666667, 317.3, 185.7741236777333, 300.6726413630213, 6.872275252838037, 1, True, 1425246215.713697)
(44.222276666666666, -76.48479166666667, 317.3, 185.75240552943072, 300.6726413630213, 6.872275252838037, 1, True, 1425246215.82558)
(44.222276666666666, -76.48479166666667, 317.3, 185.75240552943072, 300.6726413630213, 6.872275252838037, 1, True, 1425246215.92905)
(44.222276666666666, -76.48479166666667, 317.3, 185.75240552943072, 300.6726413630213, 6.872275252838037, 1, True, 1425246216.030982)
(44.222276666666666, -76.48479166666667, 317.3, 185.75240552943072, 300.6726413630213, 6.872275252838037, 1, True, 1425246216.133159)
(44.222276666666666, -76.48479166666667, 317.3, 185.75240552943072, 300.6726413630213, 6.872275252838037, 1, True, 1425246216.235426)
(44.222276666666666, -76.48479166666667, 317.3, 185.75240552943072, 300.6726413630213, 6.872275252838037, 1, True, 1425246216.339218)
(44.222276666666666, -76.48479166666667, 317.3, 185.75240552943072, 300.6726413630213, 6.872275252838037, 1, True, 1425246216.441719)
(44.222276666666666, -76.48479166666667, 317.3, 185.75240552943072, 300.6726413630213, 6.872275252838037, 1, True, 1425246216.543961)
(44.222276666666666, -76.48479166666667, 317.3, 185.75240552943072, 300.6726413630213, 6.872275252838037, 1, True, 1425246216.650192)
(44.22228333333333, -76.48479666666667, 317.3, 185.64304930657627, 300.6726413630213, 6.872275252838037, 1, True, 1425246216.753674)
(44.22228333333333, -76.48479666666667, 317.3, 185.64304930657627, 300.6726413630213, 6.872275252838037, 1, True, 1425246216.869895)
(44.22228333333333, -76.48479666666667, 317.3, 185.64304930657627, 300.6726413630213, 6.872275252838037, 1, True, 1425246216.971964)
(44.22228333333333, -76.48479666666667, 317.3, 185.64304930657627, 300.6726413630213, 6.872275252838037, 1, True, 1425246217.074751)
(44.22228333333333, -76.48479666666667, 317.3, 185.64304930657627, 300.6726413630213, 6.872275252838037, 1, True, 1425246217.178959)
(44.22228333333333, -76.48479666666667, 317.3, 185.64304930657627, 300.6726413630213, 6.872275252838037, 1, True, 1425246217.280928)
(44.22228333333333, -76.48479666666667, 317.3, 185.64304930657627, 300.6726413630213, 6.872275252838037, 1, True, 1425246217.385283)
(44.22228333333333, -76.48479666666667, 317.3, 185.64304930657627, 300.6726413630213, 6.872275252838037, 1, True, 1425246217.487693)
(44.22228333333333, -76.48479666666667, 317.3, 185.64304930657627, 300.6726413630213, 6.872275252838037, 1, True, 1425246217.589711)
(44.22228333333333, -76.48479666666667, 317.3, 185.64304930657627, 300.6726413630213, 6.872275252838037, 1, True, 1425246217.691829)
(44.22228333333333, -76.48479666666667, 317.3, 185.64304930657627, 300.6726413630213, 6.872275252838037, 1, True, 1425246217.795927)
(44.22228333333333, -76.48479666666667, 317.3, 185.64304930657627, 300.6726413630213, 6.872275252838037, 1, True, 1425246217.91167)
(44.22228333333333, -76.48479666666667, 317.3, 185.64304930657627, 300.6726413630213, 6.872275252838037, 1, True, 1425246218.013798)
(44.22228333333333, -76.48479666666667, 317.3, 185.64304930657627, 300.6726413630213, 6.872275252838037, 1, True, 1425246218.120032)
(44.22228333333333, -76.48479666666667, 317.3, 185.64304930657627, 300.6726413630213, 6.872275252838037, 1, True, 1425246218.222191)
(44.22228333333333, -76.48479666666667, 317.3, 185.64304930657627, 300.6726413630213, 6.872275252838037, 1, True, 1425246218.324772)
(44.22228333333333, -76.48479666666667, 317.3, 185.64304930657627, 300.6726413630213, 6.872275252838037, 1, True, 1425246218.428713)
(44.22228333333333, -76.48479666666667, 317.3, 185.64304930657627, 300.6726413630213, 6.872275252838037, 1, True, 1425246218.532486)
(44.22229333333333, -76.48480333333333, 317.3, 185.495462790618, 300.6726413630213, 6.872275252838037, 1, True, 1425246218.634402)
(44.22229333333333, -76.48480333333333, 317.3, 185.495462790618, 300.6726413630213, 6.872275252838037, 1, True, 1425246218.7369)
(44.22229333333333, -76.48480333333333, 317.3, 185.495462790618, 300.6726413630213, 6.872275252838037, 1, True, 1425246218.841673)
(44.22229333333333, -76.48480333333333, 317.3, 185.495462790618, 300.6726413630213, 6.872275252838037, 1, True, 1425246218.952813)
(44.22229333333333, -76.48480333333333, 317.3, 185.495462790618, 300.6726413630213, 6.872275252838037, 1, True, 1425246219.054827)
(44.22229333333333, -76.48480333333333, 317.3, 185.495462790618, 300.6726413630213, 6.872275252838037, 1, True, 1425246219.157503)
(44.22229333333333, -76.48480333333333, 317.3, 185.495462790618, 300.6726413630213, 6.872275252838037, 1, True, 1425246219.259421)
(44.22229333333333, -76.48480333333333, 317.3, 185.495462790618, 300.6726413630213, 6.872275252838037, 1, True, 1425246219.364437)
(44.22229333333333, -76.48480333333333, 317.3, 185.495462790618, 300.6726413630213, 6.872275252838037, 1, True, 1425246219.468254)
(44.222298333333335, -76.48480333333333, 317.3, 185.48317405195164, 300.6726413630213, 6.872275252838037, 1, True, 1425246219.570607)
(44.222298333333335, -76.48480333333333, 317.3, 185.48317405195164, 300.6726413630213, 6.872275252838037, 1, True, 1425246219.672991)
(44.222298333333335, -76.48480333333333, 317.3, 185.48317405195164, 300.6726413630213, 6.872275252838037, 1, True, 1425246219.782743)
(44.222298333333335, -76.48480333333333, 317.3, 185.48317405195164, 300.6726413630213, 6.872275252838037, 1, True, 1425246219.887507)
(44.222298333333335, -76.48480333333333, 317.3, 185.48317405195164, 300.6726413630213, 6.872275252838037, 1, True, 1425246220.003992)
(44.222298333333335, -76.48480333333333, 317.3, 185.48317405195164, 300.6726413630213, 6.872275252838037, 1, True, 1425246220.106489)
(44.222298333333335, -76.48480333333333, 317.3, 185.48317405195164, 298.8506335526259, 7.022885343046745, 1, True, 1425246220.208479)
(44.222298333333335, -76.48480333333333, 317.3, 185.48317405195164, 298.8506335526259, 7.022885343046745, 1, True, 1425246220.317719)
(44.222298333333335, -76.48480333333333, 317.3, 185.48317405195164, 298.8506335526259, 7.022885343046745, 1, True, 1425246220.423797)
(44.222298333333335, -76.48480333333333, 317.3, 185.48317405195164, 298.8506335526259, 7.022885343046745, 1, True, 1425246220.528141)
(44.222298333333335, -76.48480333333333, 317.3, 185.48317405195164, 298.8506335526259, 7.022885343046745, 1, True, 1425246220.6303)
(44.222298333333335, -76.48480333333333, 317.3, 185.48317405195164, 298.8506335526259, 7.022885343046745, 1, True, 1425246220.734046)
(44.222298333333335, -76.48480333333333, 317.3, 185.48317405195164, 298.8506335526259, 7.022885343046745, 1, True, 1425246220.836561)
(44.222298333333335, -76.48480333333333, 322.4, 185.48317405195164, 298.8506335526259, 7.022885343046745, 1, True, 1425246220.938701)
(44.222298333333335, -76.48480333333333, 322.4, 185.48317405195164, 298.8506335526259, 7.022885343046745, 1, True, 1425246221.054858)
(44.222298333333335, -76.48480333333333, 322.4, 185.48317405195164, 298.8506335526259, 7.022885343046745, 1, True, 1425246221.157125)
(44.222298333333335, -76.48480333333333, 322.4, 185.48317405195164, 299.31533754787927, 6.565376238284633, 1, True, 1425246221.259087)
(44.222298333333335, -76.48480333333333, 322.4, 185.48317405195164, 299.31533754787927, 6.565376238284633, 1, True, 1425246221.36102)
(44.222298333333335, -76.48480333333333, 322.4, 185.48317405195164, 299.31533754787927, 6.565376238284633, 1, True, 1425246221.467986)
(44.22230666666667, -76.48480333333333, 322.4, 185.46281412992786, 299.31533754787927, 6.565376238284633, 1, True, 1425246221.572038)
(44.22230666666667, -76.484795, 322.4, 185.6147844470361, 299.31533754787927, 6.565376238284633, 1, True, 1425246221.674382)
(44.22230666666667, -76.484795, 322.4, 185.6147844470361, 299.31533754787927, 6.565376238284633, 1, True, 1425246221.776603)
(44.22230666666667, -76.484795, 322.4, 185.6147844470361, 299.31533754787927, 6.565376238284633, 1, True, 1425246221.879983)
(44.22230666666667, -76.484795, 322.4, 185.6147844470361, 299.31533754787927, 6.565376238284633, 1, True, 1425246221.982274)
(44.22230666666667, -76.484795, 322.4, 185.6147844470361, 299.31533754787927, 6.565376238284633, 1, True, 1425246222.096207)
(44.22230666666667, -76.484795, 322.4, 185.6147844470361, 299.31533754787927, 6.565376238284633, 1, True, 1425246222.201965)
(44.22230666666667, -76.484795, 322.4, 185.6147844470361, 299.31533754787927, 6.565376238284633, 1, True, 1425246222.304265)
(44.22230666666667, -76.484795, 322.4, 185.6147844470361, 299.31533754787927, 6.565376238284633, 1, True, 1425246222.406649)
(44.22230666666667, -76.484795, 322.4, 185.6147844470361, 299.31533754787927, 6.565376238284633, 1, True, 1425246222.511108)
(44.22231166666667, -76.48479666666667, 322.4, 185.5719860031038, 299.31533754787927, 6.565376238284633, 1, True, 1425246222.618453)
(44.22231166666667, -76.48479666666667, 322.4, 185.5719860031038, 299.31533754787927, 6.565376238284633, 1, True, 1425246222.720682)
(44.22231166666667, -76.48479666666667, 322.4, 185.5719860031038, 299.31533754787927, 6.565376238284633, 1, True, 1425246222.822978)
(44.22231166666667, -76.48479666666667, 322.4, 185.5719860031038, 299.31533754787927, 6.565376238284633, 1, True, 1425246222.932817)
(44.22231166666667, -76.48479666666667, 322.4, 185.5719860031038, 299.31533754787927, 6.565376238284633, 1, True, 1425246223.035664)
(44.22231166666667, -76.48479666666667, 322.4, 185.5719860031038, 299.31533754787927, 6.565376238284633, 1, True, 1425246223.149952)
(44.22231166666667, -76.48479666666667, 322.4, 185.5719860031038, 299.31533754787927, 6.565376238284633, 1, True, 1425246223.256004)
(44.22231166666667, -76.48479666666667, 322.4, 185.5719860031038, 299.31533754787927, 6.565376238284633, 1, True, 1425246223.363439)
(44.22231166666667, -76.48479666666667, 322.4, 185.5719860031038, 299.31533754787927, 6.565376238284633, 1, True, 1425246223.465812)
(44.22231166666667, -76.48479666666667, 322.4, 185.5719860031038, 299.31533754787927, 6.565376238284633, 1, True, 1425246223.568656)
(44.22231166666667, -76.48479666666667, 322.4, 185.5719860031038, 299.31533754787927, 6.565376238284633, 1, True, 1425246223.675758)
(44.22231166666667, -76.48479666666667, 325.1, 185.5719860031038, 299.31533754787927, 6.565376238284633, 1, True, 1425246223.778164)
(44.22231166666667, -76.48479666666667, 325.1, 185.5719860031038, 299.31533754787927, 6.565376238284633, 1, True, 1425246223.88023)
(44.22231166666667, -76.48479666666667, 325.1, 185.5719860031038, 299.31533754787927, 6.565376238284633, 1, True, 1425246223.985129)
(44.22231166666667, -76.48479666666667, 325.1, 185.5719860031038, 305.0140919771827, 5.970420263380867, 1, True, 1425246224.087165)
(44.22231166666667, -76.48479666666667, 325.1, 185.5719860031038, 305.0140919771827, 5.970420263380867, 1, True, 1425246224.202646)
(44.22231166666667, -76.48479666666667, 325.1, 185.5719860031038, 305.0140919771827, 5.970420263380867, 1, True, 1425246224.305172)
(44.22231166666667, -76.48479666666667, 325.1, 185.5719860031038, 305.0140919771827, 5.970420263380867, 1, True, 1425246224.407764)
(44.22231166666667, -76.48479666666667, 325.1, 185.5719860031038, 305.0140919771827, 5.970420263380867, 1, True, 1425246224.51054)
(44.22231166666667, -76.48479666666667, 325.1, 185.5719860031038, 305.0140919771827, 5.970420263380867, 1, True, 1425246224.612611)
(44.22231166666667, -76.48479666666667, 325.1, 185.5719860031038, 305.0140919771827, 5.970420263380867, 1, True, 1425246224.717311)
(44.222303333333336, -76.48481333333334, 325.1, 185.28820569821457, 305.0140919771827, 5.970420263380867, 1, True, 1425246224.822882)
(44.222303333333336, -76.48481333333334, 325.1, 185.28820569821457, 305.0140919771827, 5.970420263380867, 1, True, 1425246224.925186)
(44.222303333333336, -76.48481333333334, 325.1, 185.28820569821457, 305.0140919771827, 5.970420263380867, 1, True, 1425246225.027285)
(44.222303333333336, -76.48481333333334, 325.1, 185.28820569821457, 305.0140919771827, 5.970420263380867, 1, True, 1425246225.132552)
(44.222303333333336, -76.48481333333334, 325.1, 185.28820569821457, 305.0140919771827, 5.970420263380867, 1, True, 1425246225.243332)
(44.222303333333336, -76.48481333333334, 325.1, 185.28820569821457, 305.0140919771827, 5.970420263380867, 1, True, 1425246225.345737)
(44.222303333333336, -76.48481333333334, 325.1, 185.28820569821457, 305.0140919771827, 5.970420263380867, 1, True, 1425246225.448286)
(44.22230166666667, -76.48482, 327.6, 185.17017043572116, 305.0140919771827, 5.970420263380867, 1, True, 1425246225.550231)
(44.22230166666667, -76.48482, 327.6, 185.17017043572116, 305.0140919771827, 5.970420263380867, 1, True, 1425246225.652521)
(44.22230166666667, -76.48482, 327.6, 185.17017043572116, 305.0140919771827, 5.970420263380867, 1, True, 1425246225.759544)
(44.22230166666667, -76.48482, 327.6, 185.17017043572116, 311.0153482923699, 5.433722319766371, 1, True, 1425246225.861991)
(44.22230166666667, -76.48482, 327.6, 185.17017043572116, 311.0153482923699, 5.433722319766371, 1, True, 1425246225.969165)
(44.22230166666667, -76.48482, 327.6, 185.17017043572116, 311.0153482923699, 5.433722319766371, 1, True, 1425246226.071289)
(44.22230166666667, -76.48482, 327.6, 185.17017043572116, 311.0153482923699, 5.433722319766371, 1, True, 1425246226.173366)
(44.22230166666667, -76.48482, 327.6, 185.17017043572116, 315.2596841164347, 5.2359684960140065, 1, True, 1425246226.279147)
(44.22230166666667, -76.48482, 327.6, 185.17017043572116, 315.2596841164347, 5.2359684960140065, 1, True, 1425246226.381431)
(44.22230166666667, -76.48482, 327.6, 185.17017043572116, 315.2596841164347, 5.2359684960140065, 1, True, 1425246226.4845)
(44.22230166666667, -76.48482, 327.6, 185.17017043572116, 315.2596841164347, 5.2359684960140065, 1, True, 1425246226.586903)
(44.22230166666667, -76.48482, 327.6, 185.17017043572116, 315.2596841164347, 5.2359684960140065, 1, True, 1425246226.689007)
(44.22230166666667, -76.48482, 327.6, 185.17017043572116, 315.2596841164347, 5.2359684960140065, 1, True, 1425246226.795956)
(44.22230166666667, -76.48482, 330.8, 185.17017043572116, 315.2596841164347, 5.2359684960140065, 1, True, 1425246226.899006)
(44.22230166666667, -76.48482, 330.8, 185.17017043572116, 315.2596841164347, 5.2359684960140065, 1, True, 1425246227.004635)
(44.22230166666667, -76.48482, 330.8, 185.17017043572116, 315.2596841164347, 5.2359684960140065, 1, True, 1425246227.107156)
(44.22230166666667, -76.48482, 330.8, 185.17017043572116, 315.2596841164347, 5.2359684960140065, 1, True, 1425246227.21037)
(44.22230166666667, -76.48482, 330.8, 185.17017043572116, 316.80400586899543, 5.010228121208464, 1, True, 1425246227.315992)
(44.22230166666667, -76.48482, 330.8, 185.17017043572116, 316.80400586899543, 5.010228121208464, 1, True, 1425246227.420935)
(44.22230166666667, -76.48482, 330.8, 185.17017043572116, 316.80400586899543, 5.010228121208464, 1, True, 1425246227.522795)
(44.22230666666667, -76.48480833333333, 330.8, 185.3715947831694, 316.80400586899543, 5.010228121208464, 1, True, 1425246227.624967)
(44.22230666666667, -76.48480833333333, 330.8, 185.3715947831694, 316.80400586899543, 5.010228121208464, 1, True, 1425246227.73259)
(44.22230666666667, -76.48480833333333, 330.8, 185.3715947831694, 316.80400586899543, 5.010228121208464, 1, True, 1425246227.83589)
(44.22230666666667, -76.48480833333333, 343.4, 185.3715947831694, 322.05375495942246, 4.834620444598472, 1, True, 1425246227.938461)
(44.22230666666667, -76.48480833333333, 343.4, 185.3715947831694, 322.05375495942246, 4.834620444598472, 1, True, 1425246228.045079)
(44.22230666666667, -76.48480833333333, 343.4, 185.3715947831694, 322.05375495942246, 4.834620444598472, 1, True, 1425246228.147589)
(44.22230666666667, -76.48480833333333, 343.4, 185.3715947831694, 322.05375495942246, 4.834620444598472, 1, True, 1425246228.249839)
(44.22230666666667, -76.48480833333333, 343.4, 185.3715947831694, 322.05375495942246, 4.834620444598472, 1, True, 1425246228.355569)
(44.22230666666667, -76.48480833333333, 343.4, 185.3715947831694, 322.05375495942246, 4.834620444598472, 1, True, 1425246228.457925)
(44.22230666666667, -76.48480833333333, 343.4, 185.3715947831694, 322.05375495942246, 4.834620444598472, 1, True, 1425246228.561585)
(44.22230833333333, -76.484805, 343.4, 185.42837912590113, 323.7487271949616, 4.909475500300745, 1, True, 1425246228.663678)
(44.22230833333333, -76.484805, 343.4, 185.42837912590113, 323.7487271949616, 4.909475500300745, 1, True, 1425246228.765804)
(44.22230833333333, -76.484805, 343.4, 185.42837912590113, 323.7487271949616, 4.909475500300745, 1, True, 1425246228.871713)
(44.22230833333333, -76.484805, 343.4, 185.42837912590113, 323.7487271949616, 4.909475500300745, 1, True, 1425246228.973911)
(44.22230833333333, -76.484805, 343.4, 185.42837912590113, 323.7487271949616, 4.909475500300745, 1, True, 1425246229.076102)
(44.22230833333333, -76.484805, 343.4, 185.42837912590113, 323.7487271949616, 4.909475500300745, 1, True, 1425246229.178558)
(44.22230833333333, -76.484805, 343.4, 185.42837912590113, 322.913611398175, 4.935431274802948, 1, True, 1425246229.281038)
(44.22230833333333, -76.484805, 343.4, 185.42837912590113, 322.913611398175, 4.935431274802948, 1, True, 1425246229.399351)
(44.22230833333333, -76.484805, 343.4, 185.42837912590113, 322.913611398175, 4.935431274802948, 1, True, 1425246229.501652)
(44.22230833333333, -76.484805, 343.4, 185.42837912590113, 322.913611398175, 4.935431274802948, 1, True, 1425246229.604395)
(44.22230833333333, -76.484805, 343.4, 185.42837912590113, 322.913611398175, 4.935431274802948, 1, True, 1425246229.706774)
(44.22230833333333, -76.484805, 343.4, 185.42837912590113, 322.913611398175, 4.935431274802948, 1, True, 1425246229.809453)
(44.22230833333333, -76.484805, 343.4, 185.42837912590113, 322.913611398175, 4.935431274802948, 1, True, 1425246229.912693)
(44.22230833333333, -76.484805, 343.4, 185.42837912590113, 322.913611398175, 4.935431274802948, 1, True, 1425246230.01487)
(44.22230833333333, -76.484805, 343.4, 185.42837912590113, 322.913611398175, 4.935431274802948, 1, True, 1425246230.118588)
(44.22230833333333, -76.484805, 343.4, 185.42837912590113, 322.913611398175, 4.935431274802948, 1, True, 1425246230.221303)
(44.22230833333333, -76.484805, 343.4, 185.42837912590113, 322.913611398175, 4.935431274802948, 1, True, 1425246230.323438)
(44.22230833333333, -76.484805, 343.4, 185.42837912590113, 322.913611398175, 4.935431274802948, 1, True, 1425246230.434178)
(44.22230833333333, -76.484805, 343.4, 185.42837912590113, 322.913611398175, 4.935431274802948, 1, True, 1425246230.536237)
(44.22231166666667, -76.48479166666667, 343.4, 185.66293990890492, 322.913611398175, 4.935431274802948, 1, True, 1425246230.638299)
(44.22231166666667, -76.48479166666667, 343.4, 185.66293990890492, 322.913611398175, 4.935431274802948, 1, True, 1425246230.742755)
(44.22231166666667, -76.48479166666667, 343.4, 185.66293990890492, 322.913611398175, 4.935431274802948, 1, True, 1425246230.844858)
(44.22231166666667, -76.48479166666667, 343.4, 185.66293990890492, 322.913611398175, 4.935431274802948, 1, True, 1425246230.947732)
(44.22231166666667, -76.48479166666667, 343.4, 185.66293990890492, 322.913611398175, 4.935431274802948, 1, True, 1425246231.049875)
(44.22231166666667, -76.48479166666667, 343.4, 185.66293990890492, 322.913611398175, 4.935431274802948, 1, True, 1425246231.152261)
(44.22231166666667, -76.48479166666667, 343.4, 185.66293990890492, 322.913611398175, 4.935431274802948, 1, True, 1425246231.25468)
(44.22231166666667, -76.48479166666667, 343.4, 185.66293990890492, 322.913611398175, 4.935431274802948, 1, True, 1425246231.356852)
(44.22231166666667, -76.48479166666667, 343.4, 185.66293990890492, 322.913611398175, 4.935431274802948, 1, True, 1425246231.467707)
(44.22231166666667, -76.48479166666667, 343.4, 185.66293990890492, 322.913611398175, 4.935431274802948, 1, True, 1425246231.569789)
(44.222316666666664, -76.48479, 343.4, 185.6806303497971, 322.913611398175, 4.935431274802948, 1, True, 1425246231.672503)
(44.222316666666664, -76.48479, 343.4, 185.6806303497971, 322.913611398175, 4.935431274802948, 1, True, 1425246231.777707)
(44.222316666666664, -76.48479, 343.4, 185.6806303497971, 322.913611398175, 4.935431274802948, 1, True, 1425246231.879957)
(44.222316666666664, -76.48479, 343.4, 185.6806303497971, 322.913611398175, 4.935431274802948, 1, True, 1425246231.987205)
(44.222316666666664, -76.48479, 343.4, 185.6806303497971, 322.913611398175, 4.935431274802948, 1, True, 1425246232.091381)
(44.222316666666664, -76.48479, 343.4, 185.6806303497971, 322.913611398175, 4.935431274802948, 1, True, 1425246232.193794)
(44.222316666666664, -76.48479, 343.4, 185.6806303497971, 322.913611398175, 4.935431274802948, 1, True, 1425246232.299644)
(44.222316666666664, -76.48479, 343.4, 185.6806303497971, 322.913611398175, 4.935431274802948, 1, True, 1425246232.40177)
(44.222316666666664, -76.48479, 343.4, 185.6806303497971, 322.913611398175, 4.935431274802948, 1, True, 1425246232.509906)
(44.222316666666664, -76.48479, 343.4, 185.6806303497971, 322.913611398175, 4.935431274802948, 1, True, 1425246232.612033)
(44.222316666666664, -76.48479, 343.4, 185.6806303497971, 322.913611398175, 4.935431274802948, 1, True, 1425246232.714219)
(44.222316666666664, -76.48479, 343.4, 185.6806303497971, 322.913611398175, 4.935431274802948, 1, True, 1425246232.816398)
(44.222316666666664, -76.48479, 343.4, 185.6806303497971, 322.913611398175, 4.935431274802948, 1, True, 1425246232.919404)
(44.222316666666664, -76.48479, 343.4, 185.6806303497971, 322.913611398175, 4.935431274802948, 1, True, 1425246233.022414)
(44.222316666666664, -76.48479, 343.4, 185.6806303497971, 322.913611398175, 4.935431274802948, 1, True, 1425246233.124496)
(44.222316666666664, -76.48479, 343.4, 185.6806303497971, 322.913611398175, 4.935431274802948, 1, True, 1425246233.229844)
(44.222316666666664, -76.48479, 343.4, 185.6806303497971, 322.913611398175, 4.935431274802948, 1, True, 1425246233.331848)
(44.222316666666664, -76.48479, 343.4, 185.6806303497971, 322.913611398175, 4.935431274802948, 1, True, 1425246233.434072)
(44.222316666666664, -76.48479, 343.4, 185.6806303497971, 322.913611398175, 4.935431274802948, 1, True, 1425246233.544822)
(44.222316666666664, -76.48479, 343.4, 185.6806303497971, 322.913611398175, 4.935431274802948, 1, True, 1425246233.647618)
(44.222321666666666, -76.484775, 343.4, 185.93953438540512, 322.913611398175, 4.935431274802948, 1, True, 1425246233.749762)
(44.222321666666666, -76.484775, 343.4, 185.93953438540512, 322.913611398175, 4.935431274802948, 1, True, 1425246233.852315)
(44.222321666666666, -76.484775, 343.4, 185.93953438540512, 322.913611398175, 4.935431274802948, 1, True, 1425246233.954841)
(44.222321666666666, -76.484775, 343.4, 185.93953438540512, 322.913611398175, 4.935431274802948, 1, True, 1425246234.058292)
(44.222321666666666, -76.484775, 343.4, 185.93953438540512, 322.913611398175, 4.935431274802948, 1, True, 1425246234.160672)
(44.222321666666666, -76.484775, 343.4, 185.93953438540512, 322.913611398175, 4.935431274802948, 1, True, 1425246234.263856)
(44.222321666666666, -76.484775, 343.4, 185.93953438540512, 322.913611398175, 4.935431274802948, 1, True, 1425246234.366278)
(44.222321666666666, -76.484775, 343.4, 185.93953438540512, 322.913611398175, 4.935431274802948, 1, True, 1425246234.477699)
(44.222321666666666, -76.484775, 343.4, 185.93953438540512, 322.913611398175, 4.935431274802948, 1, True, 1425246234.58837)
(44.222321666666666, -76.484775, 343.4, 185.93953438540512, 322.913611398175, 4.935431274802948, 1, True, 1425246234.69724)
(44.222325, -76.48477333333334, 343.4, 185.96089723023283, 322.913611398175, 4.935431274802948, 1, True, 1425246234.803727)
(44.222325, -76.48477333333334, 343.4, 185.96089723023283, 322.913611398175, 4.935431274802948, 1, True, 1425246234.905645)
(44.222325, -76.48477333333334, 343.4, 185.96089723023283, 322.913611398175, 4.935431274802948, 1, True, 1425246235.007578)
(44.222325, -76.48477333333334, 343.4, 185.96089723023283, 322.913611398175, 4.935431274802948, 1, True, 1425246235.110506)
(44.222325, -76.48477333333334, 343.4, 185.96089723023283, 322.913611398175, 4.935431274802948, 1, True, 1425246235.215845)
(44.222325, -76.48477333333334, 343.4, 185.96089723023283, 322.913611398175, 4.935431274802948, 1, True, 1425246235.324071)
(44.222325, -76.48477333333334, 343.4, 185.96089723023283, 322.913611398175, 4.935431274802948, 1, True, 1425246235.429416)
(44.222325, -76.48477333333334, 343.4, 185.96089723023283, 322.913611398175, 4.935431274802948, 1, True, 1425246235.539652)
(44.222325, -76.48477333333334, 343.4, 185.96089723023283, 322.913611398175, 4.935431274802948, 1, True, 1425246235.650902)
(44.222325, -76.48477333333334, 343.4, 185.96089723023283, 322.913611398175, 4.935431274802948, 1, True, 1425246235.752928)
(44.222325, -76.48477333333334, 343.4, 185.96089723023283, 322.913611398175, 4.935431274802948, 1, True, 1425246235.863786)
(44.222325, -76.48477333333334, 343.4, 185.96089723023283, 322.913611398175, 4.935431274802948, 1, True, 1425246235.965958)
(44.222325, -76.48477333333334, 343.4, 185.96089723023283, 322.913611398175, 4.935431274802948, 1, True, 1425246236.068192)
(44.222325, -76.48477333333334, 343.4, 185.96089723023283, 322.913611398175, 4.935431274802948, 1, True, 1425246236.17093)
(44.222325, -76.48477333333334, 343.4, 185.96089723023283, 322.913611398175, 4.935431274802948, 1, True, 1425246236.27281)
(44.222325, -76.48477333333334, 343.4, 185.96089723023283, 322.913611398175, 4.935431274802948, 1, True, 1425246236.378151)
(44.222325, -76.48477333333334, 343.4, 185.96089723023283, 322.913611398175, 4.935431274802948, 1, True, 1425246236.480157)
(44.222325, -76.48477333333334, 343.4, 185.96089723023283, 322.913611398175, 4.935431274802948, 1, True, 1425246236.586667)
(44.222325, -76.48477333333334, 343.4, 185.96089723023283, 322.913611398175, 4.935431274802948, 1, True, 1425246236.697904)
(44.222343333333335, -76.48478166666666, 343.4, 185.7636840831537, 322.913611398175, 4.935431274802948, 1, True, 1425246236.800155)
(44.222343333333335, -76.48478166666666, 343.4, 185.7636840831537, 322.913611398175, 4.935431274802948, 1, True, 1425246236.90249)
(44.222343333333335, -76.48478166666666, 343.4, 185.7636840831537, 322.913611398175, 4.935431274802948, 1, True, 1425246237.004808)
(44.222343333333335, -76.48478166666666, 343.4, 185.7636840831537, 322.913611398175, 4.935431274802948, 1, True, 1425246237.107273)
(44.222343333333335, -76.48478166666666, 343.4, 185.7636840831537, 322.913611398175, 4.935431274802948, 1, True, 1425246237.210358)
(44.222343333333335, -76.48478166666666, 343.4, 185.7636840831537, 322.913611398175, 4.935431274802948, 1, True, 1425246237.312226)
(44.222343333333335, -76.48478166666666, 343.4, 185.7636840831537, 322.913611398175, 4.935431274802948, 1, True, 1425246237.414492)
(44.222343333333335, -76.48478166666666, 343.4, 185.7636840831537, 322.913611398175, 4.935431274802948, 1, True, 1425246237.516732)
(44.222343333333335, -76.48478166666666, 343.4, 185.7636840831537, 322.913611398175, 4.935431274802948, 1, True, 1425246237.618867)
(44.22234666666667, -76.48479333333333, 343.4, 185.5463494977104, 322.913611398175, 4.935431274802948, 1, False, 1425246237.731488)
(44.22234666666667, -76.48479333333333, 343.4, 185.5463494977104, 322.913611398175, 4.935431274802948, 1, False, 1425246237.833275)
(44.22234666666667, -76.48479333333333, 343.4, 185.5463494977104, 322.913611398175, 4.935431274802948, 1, False, 1425246237.935536)
(44.22234666666667, -76.48479333333333, 343.4, 185.5463494977104, 322.913611398175, 4.935431274802948, 1, False, 1425246238.037469)
(44.22234666666667, -76.48479333333333, 343.4, 185.5463494977104, 322.913611398175, 4.935431274802948, 1, False, 1425246238.142709)
(44.22234666666667, -76.48479333333333, 343.4, 185.5463494977104, 322.913611398175, 4.935431274802948, 1, False, 1425246238.244817)
(44.22234666666667, -76.48479333333333, 343.4, 185.5463494977104, 318.2049491181614, 4.54730220540543, 1, False, 1425246238.346695)
(44.22234666666667, -76.48479333333333, 343.4, 185.5463494977104, 318.2049491181614, 4.54730220540543, 1, False, 1425246238.448686)
(44.22234666666667, -76.48479333333333, 343.4, 185.5463494977104, 318.2049491181614, 4.54730220540543, 1, False, 1425246238.553725)
(44.22234666666667, -76.48479333333333, 343.4, 185.5463494977104, 318.2049491181614, 4.54730220540543, 1, False, 1425246238.655714)
(44.22234666666667, -76.48479333333333, 343.4, 185.5463494977104, 318.2049491181614, 4.54730220540543, 1, False, 1425246238.766174)
(44.22234666666667, -76.48479333333333, 343.4, 185.5463494977104, 318.2049491181614, 4.54730220540543, 1, False, 1425246238.868185)
(44.22234666666667, -76.48479333333333, 306.2, 185.5463494977104, 318.2049491181614, 4.54730220540543, 1, False, 1425246238.970135)
(44.22234666666667, -76.48479333333333, 306.2, 185.5463494977104, 318.2049491181614, 4.54730220540543, 1, False, 1425246239.076594)
(44.22234666666667, -76.48479333333333, 306.2, 185.5463494977104, 318.2049491181614, 4.54730220540543, 1, False, 1425246239.178623)
(44.22234666666667, -76.48479333333333, 306.2, 185.5463494977104, 311.0472646825894, 4.354254871934115, 1, False, 1425246239.281648)
(44.22234666666667, -76.48479333333333, 306.2, 185.5463494977104, 311.0472646825894, 4.354254871934115, 1, False, 1425246239.383625)
(44.22234666666667, -76.48479333333333, 306.2, 185.5463494977104, 311.0472646825894, 4.354254871934115, 1, False, 1425246239.486345)
(44.22234666666667, -76.48479333333333, 306.2, 185.5463494977104, 311.0472646825894, 4.354254871934115, 1, False, 1425246239.5886)
(44.22233333333333, -76.484815, 306.2, 185.18824782086747, 311.0472646825894, 4.354254871934115, 1, True, 1425246239.690783)
(44.22233333333333, -76.484815, 306.2, 185.18824782086747, 311.0472646825894, 4.354254871934115, 1, True, 1425246239.798305)
(44.22233333333333, -76.484815, 306.2, 185.18824782086747, 311.0472646825894, 4.354254871934115, 1, True, 1425246239.903329)
(44.22233333333333, -76.484815, 306.2, 185.18824782086747, 311.0472646825894, 4.354254871934115, 1, True, 1425246240.005545)
(44.22233333333333, -76.484815, 306.2, 185.18824782086747, 311.0472646825894, 4.354254871934115, 1, True, 1425246240.108004)
(44.22233333333333, -76.484815, 306.2, 185.18824782086747, 311.0472646825894, 4.354254871934115, 1, True, 1425246240.21409)
(44.22233333333333, -76.484815, 306.2, 185.18824782086747, 311.0472646825894, 4.354254871934115, 1, True, 1425246240.317504)
(44.22233333333333, -76.484815, 296.3, 185.18824782086747, 311.0472646825894, 4.354254871934115, 1, True, 1425246240.419632)
(44.22233333333333, -76.484815, 296.3, 185.18824782086747, 311.0472646825894, 4.354254871934115, 1, True, 1425246240.524911)
(44.22233333333333, -76.484815, 296.3, 185.18824782086747, 311.0472646825894, 4.354254871934115, 1, True, 1425246240.627033)
(44.22233, -76.48481833333334, 296.3, 185.1356461964002, 305.47160369417054, 4.289105374611708, 1, True, 1425246240.729541)
(44.22233, -76.48481833333334, 296.3, 185.1356461964002, 305.47160369417054, 4.289105374611708, 1, True, 1425246240.837963)
(44.22233, -76.48481833333334, 296.3, 185.1356461964002, 305.47160369417054, 4.289105374611708, 1, True, 1425246240.940724)
(44.22233, -76.48481833333334, 296.3, 185.1356461964002, 305.47160369417054, 4.289105374611708, 1, True, 1425246241.04297)
(44.22233, -76.48481833333334, 296.3, 185.1356461964002, 305.47160369417054, 4.289105374611708, 1, True, 1425246241.145768)
(44.22233, -76.48481833333334, 296.3, 185.1356461964002, 305.47160369417054, 4.289105374611708, 1, True, 1425246241.24791)
(44.22233, -76.48481833333334, 296.3, 185.1356461964002, 305.47160369417054, 4.289105374611708, 1, True, 1425246241.354213)
(44.22233, -76.48481833333334, 296.3, 185.1356461964002, 300.10267282877777, 4.186690844359685, 1, True, 1425246241.456601)
(44.22233, -76.48481833333334, 296.3, 185.1356461964002, 300.10267282877777, 4.186690844359685, 1, True, 1425246241.55904)
(44.22233, -76.48481833333334, 296.3, 185.1356461964002, 300.10267282877777, 4.186690844359685, 1, True, 1425246241.6655)
(44.22233, -76.48481833333334, 303.4, 185.1356461964002, 300.10267282877777, 4.186690844359685, 1, True, 1425246241.768018)
(44.22233, -76.48481833333334, 303.4, 185.1356461964002, 300.10267282877777, 4.186690844359685, 1, True, 1425246241.874261)
(44.22233, -76.48481833333334, 303.4, 185.1356461964002, 300.10267282877777, 4.186690844359685, 1, True, 1425246241.976244)
(44.22233, -76.48481833333334, 303.4, 185.1356461964002, 300.10267282877777, 4.186690844359685, 1, True, 1425246242.078604)
(44.22233, -76.48481833333334, 303.4, 185.1356461964002, 298.10876453129123, 4.5456968771429604, 1, True, 1425246242.180762)
(44.22233, -76.48481833333334, 303.4, 185.1356461964002, 298.10876453129123, 4.5456968771429604, 1, True, 1425246242.28676)
(44.22233, -76.48481833333334, 303.4, 185.1356461964002, 298.10876453129123, 4.5456968771429604, 1, True, 1425246242.389689)
(44.22233, -76.48481833333334, 303.4, 185.1356461964002, 298.10876453129123, 4.5456968771429604, 1, True, 1425246242.492163)
(44.22233, -76.48481833333334, 303.4, 185.1356461964002, 298.10876453129123, 4.5456968771429604, 1, True, 1425246242.594723)
(44.22233, -76.48481833333334, 303.4, 185.1356461964002, 298.10876453129123, 4.5456968771429604, 1, True, 1425246242.701214)
(44.22234, -76.48481166666667, 303.4, 185.2330124950221, 298.10876453129123, 4.5456968771429604, 1, True, 1425246242.803468)
(44.22234, -76.48481166666667, 303.4, 185.2330124950221, 298.10876453129123, 4.5456968771429604, 1, True, 1425246242.9114)
(44.22234, -76.48481166666667, 303.4, 185.2330124950221, 298.10876453129123, 4.5456968771429604, 1, True, 1425246243.014074)
(44.22234, -76.48481166666667, 303.4, 185.2330124950221, 298.10876453129123, 4.5456968771429604, 1, True, 1425246243.116455)
(44.22234, -76.48481166666667, 303.4, 185.2330124950221, 298.10876453129123, 4.5456968771429604, 1, True, 1425246243.218574)
(44.22234, -76.48481166666667, 303.4, 185.2330124950221, 298.10876453129123, 4.5456968771429604, 1, True, 1425246243.325339)
(44.22234, -76.48481166666667, 320.3, 185.2330124950221, 298.10876453129123, 4.5456968771429604, 1, True, 1425246243.428245)
(44.222345, -76.4848, 320.3, 185.43085633938497, 298.10876453129123, 4.5456968771429604, 1, True, 1425246243.53035)
(44.222345, -76.4848, 320.3, 185.43085633938497, 298.10876453129123, 4.5456968771429604, 1, True, 1425246243.632342)
(44.222345, -76.4848, 320.3, 185.43085633938497, 298.10876453129123, 4.5456968771429604, 1, True, 1425246243.738977)
(44.222345, -76.4848, 320.3, 185.43085633938497, 301.0751064852393, 4.849634936291124, 1, True, 1425246243.841136)
(44.222345, -76.4848, 320.3, 185.43085633938497, 301.0751064852393, 4.849634936291124, 1, True, 1425246243.949075)
(44.222345, -76.4848, 320.3, 185.43085633938497, 301.0751064852393, 4.849634936291124, 1, True, 1425246244.051268)
(44.222345, -76.4848, 320.3, 185.43085633938497, 299.32048871136135, 4.949685969902943, 1, True, 1425246244.153375)
(44.222345, -76.4848, 320.3, 185.43085633938497, 299.32048871136135, 4.949685969902943, 1, True, 1425246244.255252)
(44.222345, -76.4848, 320.3, 185.43085633938497, 299.32048871136135, 4.949685969902943, 1, True, 1425246244.360752)
(44.222345, -76.4848, 320.3, 185.43085633938497, 299.32048871136135, 4.949685969902943, 1, True, 1425246244.463587)
(44.222345, -76.4848, 320.3, 185.43085633938497, 299.32048871136135, 4.949685969902943, 1, True, 1425246244.565774)
(44.222345, -76.4848, 320.3, 185.43085633938497, 299.32048871136135, 4.949685969902943, 1, True, 1425246244.67471)
(44.222345, -76.4848, 320.3, 185.43085633938497, 299.32048871136135, 4.949685969902943, 1, True, 1425246244.782096)
(44.222345, -76.4848, 320.3, 185.43085633938497, 299.32048871136135, 4.949685969902943, 1, True, 1425246244.884391)
(44.222345, -76.4848, 320.3, 185.43085633938497, 299.32048871136135, 4.949685969902943, 1, True, 1425246244.993613)
(44.222345, -76.4848, 320.3, 185.43085633938497, 299.32048871136135, 4.949685969902943, 1, True, 1425246245.096158)
(44.222345, -76.4848, 320.3, 185.43085633938497, 299.32048871136135, 4.949685969902943, 1, True, 1425246245.198162)
(44.222345, -76.4848, 320.3, 185.43085633938497, 299.32048871136135, 4.949685969902943, 1, True, 1425246245.300202)
(44.222345, -76.4848, 320.3, 185.43085633938497, 299.32048871136135, 4.949685969902943, 1, True, 1425246245.402049)
(44.222345, -76.4848, 320.3, 185.43085633938497, 299.32048871136135, 4.949685969902943, 1, True, 1425246245.505085)
(44.22234666666667, -76.484795, 320.3, 185.51649009214685, 299.32048871136135, 4.949685969902943, 1, True, 1425246245.606933)
(44.22234666666667, -76.484795, 320.3, 185.51649009214685, 299.32048871136135, 4.949685969902943, 1, True, 1425246245.70902)
(44.22234666666667, -76.484795, 320.3, 185.51649009214685, 299.32048871136135, 4.949685969902943, 1, True, 1425246245.814121)
(44.22234666666667, -76.484795, 320.3, 185.51649009214685, 299.32048871136135, 4.949685969902943, 1, True, 1425246245.916696)
(44.22234666666667, -76.484795, 320.3, 185.51649009214685, 299.32048871136135, 4.949685969902943, 1, True, 1425246246.027493)
(44.22234666666667, -76.484795, 320.3, 185.51649009214685, 299.32048871136135, 4.949685969902943, 1, True, 1425246246.129818)
(44.22234666666667, -76.484795, 320.3, 185.51649009214685, 299.32048871136135, 4.949685969902943, 1, True, 1425246246.231758)
(44.22234666666667, -76.484795, 320.3, 185.51649009214685, 299.32048871136135, 4.949685969902943, 1, True, 1425246246.333812)
(44.22234666666667, -76.484795, 320.3, 185.51649009214685, 299.32048871136135, 4.949685969902943, 1, True, 1425246246.436501)
(44.22235333333333, -76.484795, 320.3, 185.5004402957874, 299.32048871136135, 4.949685969902943, 1, True, 1425246246.539162)
(44.22235333333333, -76.484795, 320.3, 185.5004402957874, 299.32048871136135, 4.949685969902943, 1, True, 1425246246.643084)
(44.22235333333333, -76.484795, 320.3, 185.5004402957874, 299.32048871136135, 4.949685969902943, 1, True, 1425246246.745511)
(44.22235333333333, -76.484795, 320.3, 185.5004402957874, 299.32048871136135, 4.949685969902943, 1, True, 1425246246.851047)
(44.22235333333333, -76.484795, 320.3, 185.5004402957874, 299.32048871136135, 4.949685969902943, 1, True, 1425246246.953307)
(44.22235333333333, -76.484795, 320.3, 185.5004402957874, 299.32048871136135, 4.949685969902943, 1, True, 1425246247.060588)
(44.22235333333333, -76.484795, 320.3, 185.5004402957874, 299.32048871136135, 4.949685969902943, 1, True, 1425246247.162933)
(44.22235333333333, -76.484795, 320.3, 185.5004402957874, 299.32048871136135, 4.949685969902943, 1, True, 1425246247.265622)
(44.22235333333333, -76.484795, 320.3, 185.5004402957874, 299.32048871136135, 4.949685969902943, 1, True, 1425246247.367737)
(44.22235333333333, -76.484795, 320.3, 185.5004402957874, 299.32048871136135, 4.949685969902943, 1, True, 1425246247.470081)
(44.22235333333333, -76.484795, 320.3, 185.5004402957874, 299.32048871136135, 4.949685969902943, 1, True, 1425246247.572824)
(44.22235333333333, -76.484795, 320.3, 185.5004402957874, 299.32048871136135, 4.949685969902943, 1, True, 1425246247.674889)
(44.22235333333333, -76.484795, 320.3, 185.5004402957874, 299.32048871136135, 4.949685969902943, 1, True, 1425246247.776835)
(44.22235333333333, -76.484795, 320.3, 185.5004402957874, 299.32048871136135, 4.949685969902943, 1, True, 1425246247.883748)
(44.22235333333333, -76.484795, 320.3, 185.5004402957874, 299.32048871136135, 4.949685969902943, 1, True, 1425246247.987716)
(44.22235333333333, -76.484795, 320.3, 185.5004402957874, 299.32048871136135, 4.949685969902943, 1, True, 1425246248.098743)
(44.22235333333333, -76.484795, 320.3, 185.5004402957874, 299.32048871136135, 4.949685969902943, 1, True, 1425246248.200676)
(44.22235333333333, -76.484795, 320.3, 185.5004402957874, 299.32048871136135, 4.949685969902943, 1, True, 1425246248.303058)
(44.22235333333333, -76.484795, 320.3, 185.5004402957874, 299.32048871136135, 4.949685969902943, 1, True, 1425246248.408918)
(44.22237333333333, -76.4848, 320.3, 185.36426995326158, 299.32048871136135, 4.949685969902943, 1, True, 1425246248.511152)
(44.22237333333333, -76.4848, 320.3, 185.36426995326158, 299.32048871136135, 4.949685969902943, 1, True, 1425246248.61441)
(44.22237333333333, -76.4848, 320.3, 185.36426995326158, 299.32048871136135, 4.949685969902943, 1, True, 1425246248.720859)
(44.22237333333333, -76.4848, 320.3, 185.36426995326158, 299.32048871136135, 4.949685969902943, 1, True, 1425246248.82312)
(44.22237333333333, -76.4848, 320.3, 185.36426995326158, 299.32048871136135, 4.949685969902943, 1, True, 1425246248.929446)
(44.22237333333333, -76.4848, 320.3, 185.36426995326158, 299.32048871136135, 4.949685969902943, 1, True, 1425246249.031934)
(44.22237333333333, -76.4848, 320.3, 185.36426995326158, 299.32048871136135, 4.949685969902943, 1, True, 1425246249.14116)
(44.22237333333333, -76.4848, 320.3, 185.36426995326158, 299.32048871136135, 4.949685969902943, 1, True, 1425246249.243108)
(44.22237333333333, -76.4848, 320.3, 185.36426995326158, 299.32048871136135, 4.949685969902943, 1, True, 1425246249.345056)
(44.22237333333333, -76.4848, 320.3, 185.36426995326158, 299.32048871136135, 4.949685969902943, 1, True, 1425246249.450264)
(44.22238333333333, -76.48480333333333, 320.3, 185.28234333199825, 299.32048871136135, 4.949685969902943, 1, True, 1425246249.552201)
(44.22238333333333, -76.48480333333333, 320.3, 185.28234333199825, 299.32048871136135, 4.949685969902943, 1, True, 1425246249.66554)
(44.22238333333333, -76.48480333333333, 320.3, 185.28234333199825, 299.32048871136135, 4.949685969902943, 1, True, 1425246249.768679)
(44.22238333333333, -76.48480333333333, 320.3, 185.28234333199825, 299.32048871136135, 4.949685969902943, 1, True, 1425246249.872528)
(44.22238333333333, -76.48480333333333, 320.3, 185.28234333199825, 299.32048871136135, 4.949685969902943, 1, True, 1425246249.974718)
(44.22238333333333, -76.48480333333333, 320.3, 185.28234333199825, 299.32048871136135, 4.949685969902943, 1, True, 1425246250.081428)
(44.22238333333333, -76.48480333333333, 320.3, 185.28234333199825, 299.32048871136135, 4.949685969902943, 1, True, 1425246250.192183)
(44.22238333333333, -76.48480333333333, 320.3, 185.28234333199825, 299.32048871136135, 4.949685969902943, 1, True, 1425246250.294371)
(44.22238333333333, -76.48480333333333, 320.3, 185.28234333199825, 299.32048871136135, 4.949685969902943, 1, True, 1425246250.403472)
(44.22238333333333, -76.48480333333333, 320.3, 185.28234333199825, 299.32048871136135, 4.949685969902943, 1, True, 1425246250.505854)
(44.22238333333333, -76.48480333333333, 320.3, 185.28234333199825, 299.32048871136135, 4.949685969902943, 1, True, 1425246250.608726)
(44.22238333333333, -76.48480333333333, 320.3, 185.28234333199825, 299.32048871136135, 4.949685969902943, 1, True, 1425246250.711643)
(44.22238333333333, -76.48480333333333, 320.3, 185.28234333199825, 299.32048871136135, 4.949685969902943, 1, True, 1425246250.814951)
(44.22238333333333, -76.48480333333333, 320.3, 185.28234333199825, 299.32048871136135, 4.949685969902943, 1, True, 1425246250.917086)
(44.22238333333333, -76.48480333333333, 320.3, 185.28234333199825, 299.32048871136135, 4.949685969902943, 1, True, 1425246251.019436)
(44.22238333333333, -76.48480333333333, 320.3, 185.28234333199825, 299.32048871136135, 4.949685969902943, 1, True, 1425246251.124088)
(44.22238333333333, -76.48480333333333, 320.3, 185.28234333199825, 299.32048871136135, 4.949685969902943, 1, True, 1425246251.234791)
(44.22238333333333, -76.48480333333333, 320.3, 185.28234333199825, 299.32048871136135, 4.949685969902943, 1, True, 1425246251.336984)
(44.22238333333333, -76.48480333333333, 320.3, 185.28234333199825, 299.32048871136135, 4.949685969902943, 1, True, 1425246251.441106)
(44.22238333333333, -76.48480333333333, 320.3, 185.28234333199825, 299.32048871136135, 4.949685969902943, 1, True, 1425246251.543596)
(44.22239833333333, -76.48481333333334, 320.3, 185.07303301317492, 299.32048871136135, 4.949685969902943, 1, True, 1425246251.646377)
(44.22239833333333, -76.48481333333334, 320.3, 185.07303301317492, 299.32048871136135, 4.949685969902943, 1, True, 1425246251.751862)
(44.22239833333333, -76.48481333333334, 320.3, 185.07303301317492, 299.32048871136135, 4.949685969902943, 1, True, 1425246251.854212)
(44.22239833333333, -76.48481333333334, 320.3, 185.07303301317492, 299.32048871136135, 4.949685969902943, 1, True, 1425246251.956519)
(44.22239833333333, -76.48481333333334, 320.3, 185.07303301317492, 299.32048871136135, 4.949685969902943, 1, True, 1425246252.058942)
(44.22239833333333, -76.48481333333334, 320.3, 185.07303301317492, 299.32048871136135, 4.949685969902943, 1, True, 1425246252.163701)
(44.22239833333333, -76.48481333333334, 320.3, 185.07303301317492, 299.32048871136135, 4.949685969902943, 1, True, 1425246252.27214)
(44.22239833333333, -76.48481333333334, 43.3, 185.07303301317492, 299.32048871136135, 4.949685969902943, 1, True, 1425246252.374264)
(44.22239833333333, -76.48481333333334, 43.3, 185.07303301317492, 299.32048871136135, 4.949685969902943, 1, True, 1425246252.478637)
(44.22239833333333, -76.48481333333334, 43.3, 185.07303301317492, 299.32048871136135, 4.949685969902943, 1, True, 1425246252.580925)
(44.22239833333333, -76.48481833333334, 43.3, 184.98530570233592, 323.7536937186111, 4.031128270693959, 1, True, 1425246252.68303)
(44.22239833333333, -76.48481833333334, 43.3, 184.98530570233592, 323.7536937186111, 4.031128270693959, 1, True, 1425246252.788044)
(44.22239833333333, -76.48481833333334, 43.3, 184.98530570233592, 323.7536937186111, 4.031128270693959, 1, True, 1425246252.890272)
(44.22239833333333, -76.48481833333334, 43.3, 184.98530570233592, 323.7536937186111, 4.031128270693959, 1, True, 1425246252.993058)
(44.22239833333333, -76.48481833333334, 43.3, 184.98530570233592, 323.7536937186111, 4.031128270693959, 1, True, 1425246253.097222)
(44.22239833333333, -76.48481833333334, 43.3, 184.98530570233592, 323.7536937186111, 4.031128270693959, 1, True, 1425246253.199693)
(44.22239833333333, -76.48481833333334, 43.3, 184.98530570233592, 335.11376020409983, 4.47854251486831, 1, True, 1425246253.305382)
(44.22239833333333, -76.48481833333334, 43.3, 184.98530570233592, 335.11376020409983, 4.47854251486831, 1, True, 1425246253.407733)
(44.22239833333333, -76.48481833333334, 43.3, 184.98530570233592, 335.11376020409983, 4.47854251486831, 1, True, 1425246253.509918)
(44.22239833333333, -76.48481833333334, 43.3, 184.98530570233592, 335.11376020409983, 4.47854251486831, 1, True, 1425246253.61226)
(44.22239833333333, -76.48481833333334, 43.3, 184.98530