(0, -10, 0, 316.70194798219575, 230, 0, 2, False, 1425251258.317298)
(0, -10, 0, 316.70194798219575, 230, 0, 2, False, 1425251258.418242)
(0, -10, 0, 316.70194798219575, 230, 0, 2, False, 1425251258.519056)
(0, -10, 0, 316.70194798219575, 230, 0, 2, False, 1425251258.620474)
(0, -10, 0, 316.70194798219575, 230, 0, 2, False, 1425251258.725178)
(0, -10, 0, 316.70194798219575, 230, 0, 2, False, 1425251258.82906)
(0, -10, 0, 316.70194798219575, 230, 0, 2, False, 1425251258.930813)
(0, -10, 0, 316.70194798219575, 230, 0, 2, False, 1425251259.032429)
(0, -10, 0, 316.70194798219575, 230, 0, 2, False, 1425251259.134503)
(0, -10, 0, 45.0, 0.0, 0.0, 2, False, 1425251259.236783)
(0, -10, 0, 45.0, 0.0, 0.0, 2, False, 1425251259.349666)
(0, -10, 0, 45.0, 0.0, 0.0, 2, False, 1425251259.451663)
(0, -10, 0, 45.0, 0.0, 0.0, 2, False, 1425251259.55369)
(0, -10, 0, 45.0, 0.0, 0.0, 2, False, 1425251259.658231)
(0, -10, 0, 45.0, 0.0, 0.0, 2, False, 1425251259.762939)
(0, -10, 0, 45.0, 0.0, 0.0, 2, False, 1425251259.86989)
(0, -10, 0, 45.0, 0.0, 0.0, 2, False, 1425251259.972088)
(0, -10, 0, 45.0, 0.0, 0.0, 2, False, 1425251260.074143)
(0, -10, 0, 45.0, 0.0, 0.0, 2, False, 1425251260.178766)
(0, -10, 0, 45.0, 0.0, 0.0, 2, True, 1425251260.280711)
(0, -10, 0, 45.0, 0.0, 0.0, 2, True, 1425251260.397797)
(0, -10, 0, 45.0, 0.0, 0.0, 2, True, 1425251260.500079)
(0, -10, 0, 45.0, 0.0, 0.0, 2, True, 1425251260.602128)
(0, -10, 0, 45.0, 0.0, 0.0, 2, True, 1425251260.704807)
(0, -10, 0, 45.0, 0.0, 0.0, 2, True, 1425251260.807208)
(44.22239666666667, -76.48575833333334, 0, 145.36465514578214, 0.0, 0.0, 2, True, 1425251260.911166)
(44.22239666666667, -76.48575833333334, 0, 145.36465514578214, 0.0, 0.0, 2, True, 1425251261.017306)
(44.22239666666667, -76.48575833333334, 0, 145.36465514578214, 0.0, 0.0, 2, True, 1425251261.119743)
(44.22239666666667, -76.48575833333334, 0, 145.36465514578214, 0.0, 0.0, 2, True, 1425251261.221661)
(44.22239666666667, -76.48575833333334, 0, 145.36465514578214, 0.0, 0.0, 2, True, 1425251261.324677)
(44.22239666666667, -76.48575833333334, 0, 145.36465514578214, 0.0, 0.0, 2, True, 1425251261.442208)
(44.22239666666667, -76.48575833333334, 0, 145.36465514578214, 0.0, 0.0, 2, True, 1425251261.544153)
(44.22239666666667, -76.48575833333334, 0, 145.36465514578214, 0.0, 0.0, 2, True, 1425251261.646825)
(44.22239666666667, -76.48575833333334, 0, 145.36465514578214, 0.0, 0.0, 2, True, 1425251261.749041)
(44.22239666666667, -76.48575833333334, 0, 145.36465514578214, 0.0, 0.0, 2, True, 1425251261.854341)
(44.22239666666667, -76.48575833333334, 0, 145.36465514578214, 0.0, 0.0, 2, True, 1425251261.958365)
(44.22239666666667, -76.48575833333334, 0, 145.36465514578214, 0.0, 0.0, 2, True, 1425251262.061826)
(44.22239666666667, -76.48575833333334, 0, 145.36465514578214, 0.0, 0.0, 2, True, 1425251262.16439)
(44.22239666666667, -76.48575833333334, 0, 145.36465514578214, 0.0, 0.0, 2, True, 1425251262.266661)
(44.22239666666667, -76.48575833333334, 0, 145.36465514578214, 0.0, 0.0, 2, True, 1425251262.371759)
(44.22239666666667, -76.48575833333334, 0, 145.36465514578214, 0.0, 0.0, 2, True, 1425251262.489212)
(44.22239666666667, -76.48575833333334, 0, 145.36465514578214, 0.0, 0.0, 2, True, 1425251262.591489)
(44.22239666666667, -76.48575833333334, 0, 145.36465514578214, 0.0, 0.0, 2, True, 1425251262.693751)
(44.22239666666667, -76.48575833333334, 0, 145.36465514578214, 0.0, 0.0, 2, True, 1425251262.799118)
(44.22239666666667, -76.48575833333334, 0, 145.36465514578214, 0.0, 0.0, 2, True, 1425251262.901464)
(44.22239666666667, -76.48575833333334, 0, 145.36465514578214, 0.0, 0.0, 2, True, 1425251263.005995)
(44.22239666666667, -76.48575833333334, 0, 145.36465514578214, 0.0, 0.0, 2, True, 1425251263.110174)
(44.22239666666667, -76.48575833333334, 0, 145.36465514578214, 0.0, 0.0, 2, True, 1425251263.212326)
(44.22239666666667, -76.48575833333334, 0, 145.36465514578214, 0.0, 0.0, 2, True, 1425251263.314907)
(44.22239666666667, -76.48575833333334, 0, 145.36465514578214, 0.0, 0.0, 2, True, 1425251263.416905)
(44.22239666666667, -76.48575833333334, 0, 145.36465514578214, 0.0, 0.0, 2, True, 1425251263.530785)
(44.22239666666667, -76.48575833333334, 0, 145.36465514578214, 0.0, 0.0, 2, True, 1425251263.65193)
(44.22239666666667, -76.48575833333334, 0, 145.36465514578214, 0.0, 0.0, 2, True, 1425251263.754299)
(44.22239666666667, -76.48575833333334, 0, 145.36465514578214, 0.0, 0.0, 2, True, 1425251263.856374)
(44.222395, -76.48575833333334, 0, 145.35225595141048, 0.0, 0.0, 2, True, 1425251263.958598)
(44.222395, -76.48575833333334, 0, 145.35225595141048, 0.0, 0.0, 2, True, 1425251264.065342)
