(0, -10, 0, 3.5294117647059005, 230, 0, 2, True, 1425243580.134589)
(0, -10, 0, 3.5294117647059005, 230, 0, 2, True, 1425243580.238761)
(0, -10, 0, 3.5294117647059005, 230, 0, 2, True, 1425243580.340884)
(0, -10, 0, 3.5294117647059005, 230, 0, 2, True, 1425243580.443267)
(0, -10, 0, 3.5294117647059005, 230, 0, 2, True, 1425243580.54861)
(0, -10, 0, 3.5294117647059005, 230, 0, 2, True, 1425243580.651627)
(0, -10, 0, 3.5294117647059005, 230, 0, 2, True, 1425243580.753414)
(0, -10, 0, 3.5294117647059005, 230, 0, 2, True, 1425243580.855026)
(0, -10, 0, 3.5294117647059005, 230, 0, 2, True, 1425243580.958052)
(0, -10, 0, 3.5294117647059005, 230, 0, 2, True, 1425243581.060364)
(0, -10, 0, 19.56801470588236, 230, 0, 2, True, 1425243584.963926)
(0, -10, 0, 19.56801470588236, 230, 0, 2, True, 1425243585.066145)
(0, -10, 0, 19.56801470588236, 230, 0, 2, True, 1425243585.167768)
(0, -10, 0, 19.56801470588236, 230, 0, 2, True, 1425243585.269634)
(0, -10, 0, 19.56801470588236, 230, 0, 2, True, 1425243585.374539)
(0, -10, 0, 19.56801470588236, 230, 0, 2, True, 1425243585.478968)
(0, -10, 0, 19.56801470588236, 230, 0, 2, True, 1425243585.580668)
(0, -10, 0, 19.56801470588236, 230, 0, 2, True, 1425243585.682283)
(0, -10, 0, 19.56801470588236, 230, 0, 2, True, 1425243585.784145)
(0, -10, 0, 19.56801470588236, 230, 0, 2, True, 1425243585.885876)
(0, -10, 0, 315.4901960784314, 230, 0, 2, True, 1425243589.945552)
(0, -10, 0, 315.4901960784314, 230, 0, 2, True, 1425243590.047356)
(0, -10, 0, 315.4901960784314, 230, 0, 2, True, 1425243590.149398)
(0, -10, 0, 315.4901960784314, 230, 0, 2, True, 1425243590.251794)
(0, -10, 0, 315.4901960784314, 230, 0, 2, True, 1425243590.354045)
(0, -10, 0, 315.4901960784314, 230, 0, 2, True, 1425243590.466755)
(0, -10, 0, 315.4901960784314, 230, 0, 2, True, 1425243590.582977)
(0, -10, 0, 315.4901960784314, 230, 0, 2, True, 1425243590.686162)
(0, -10, 0, 315.4901960784314, 230, 0, 2, True, 1425243590.7894)
(0, -10, 0, 315.4901960784314, 230, 0, 2, True, 1425243590.894484)
(0, -10, 0, 328.0434782608696, 230, 0, 2, True, 1425243595.544791)
(0, -10, 0, 328.0434782608696, 230, 0, 2, True, 1425243595.649856)
(0, -10, 0, 328.0434782608696, 230, 0, 2, True, 1425243595.753888)
(0, -10, 0, 328.0434782608696, 230, 0, 2, True, 1425243595.855543)
(0, -10, 0, 328.0434782608696, 230, 0, 2, True, 1425243595.957105)
(0, -10, 0, 328.0434782608696, 230, 0, 2, True, 1425243596.062375)
(0, -10, 0, 328.0434782608696, 230, 0, 2, True, 1425243596.164671)
(0, -10, 0, 328.0434782608696, 230, 0, 2, True, 1425243596.26766)
(0, -10, 0, 328.0434782608696, 230, 0, 2, True, 1425243596.369252)
(0, -10, 0, 328.0434782608696, 230, 0, 2, True, 1425243596.471003)
(0, -10, 0, 286.875, 230, 0, 2, True, 1425243600.556503)
(0, -10, 0, 286.875, 230, 0, 2, True, 1425243600.661916)
(0, -10, 0, 286.875, 230, 0, 2, True, 1425243600.763775)
(0, -10, 0, 286.875, 230, 0, 2, True, 1425243600.867797)
(0, -10, 0, 286.875, 230, 0, 2, True, 1425243600.974143)
(0, -10, 0, 286.875, 230, 0, 2, True, 1425243601.078033)
(0, -10, 0, 286.875, 230, 0, 2, True, 1425243601.180103)
(0, -10, 0, 286.875, 230, 0, 2, True, 1425243601.282954)
(0, -10, 0, 286.875, 230, 0, 2, True, 1425243601.384654)
(0, -10, 0, 286.875, 230, 0, 2, True, 1425243601.494134)
(0, -10, 0, 245.3571428571429, 230, 0, 2, True, 1425243605.446356)
(0, -10, 0, 245.3571428571429, 230, 0, 2, True, 1425243605.552514)
(0, -10, 0, 245.3571428571429, 230, 0, 2, True, 1425243605.654546)
(0, -10, 0, 245.3571428571429, 230, 0, 2, True, 1425243605.758879)
(0, -10, 0, 245.3571428571429, 230, 0, 2, True, 1425243605.864988)
(0, -10, 0, 245.3571428571429, 230, 0, 2, True, 1425243605.968639)
(0, -10, 0, 245.3571428571429, 230, 0, 2, True, 1425243606.070376)
(0, -10, 0, 245.3571428571429, 230, 0, 2, True, 1425243606.17243)
(0, -10, 0, 245.3571428571429, 230, 0, 2, True, 1425243606.27451)
(0, -10, 0, 245.3571428571429, 230, 0, 2, True, 1425243606.376572)
(0, -10, 0, 245.3571428571429, 230, 0, 2, True, 1425243610.35917)
(0, -10, 0, 245.3571428571429, 230, 0, 2, True, 1425243610.46694)
(0, -10, 0, 245.3571428571429, 230, 0, 2, True, 1425243610.571841)
(0, -10, 0, 245.3571428571429, 230, 0, 2, True, 1425243610.67485)
(0, -10, 0, 245.3571428571429, 230, 0, 2, True, 1425243610.7768)
(0, -10, 0, 245.3571428571429, 230, 0, 2, True, 1425243610.886843)
(0, -10, 0, 245.3571428571429, 230, 0, 2, True, 1425243610.990659)
(0, -10, 0, 245.3571428571429, 230, 0, 2, True, 1425243611.093121)
(0, -10, 0, 245.3571428571429, 230, 0, 2, True, 1425243611.198763)
(0, -10, 0, 245.3571428571429, 230, 0, 2, True, 1425243611.301021)
(0, -10, 0, 256.11990950226254, 230, 0, 2, True, 1425243615.224445)
(0, -10, 0, 256.11990950226254, 230, 0, 2, True, 1425243615.326534)
(0, -10, 0, 256.11990950226254, 230, 0, 2, True, 1425243615.43469)
(0, -10, 0, 256.11990950226254, 230, 0, 2, True, 1425243615.536785)
(0, -10, 0, 256.11990950226254, 230, 0, 2, True, 1425243615.640542)
(0, -10, 0, 256.11990950226254, 230, 0, 2, True, 1425243615.744124)
(0, -10, 0, 256.11990950226254, 230, 0, 2, True, 1425243615.845704)
(0, -10, 0, 256.11990950226254, 230, 0, 2, True, 1425243615.947395)
(0, -10, 0, 256.11990950226254, 230, 0, 2, True, 1425243616.053873)
(0, -10, 0, 256.11990950226254, 230, 0, 2, True, 1425243616.155897)
(0, -10, 0, 212.91176470588238, 230, 0, 2, False, 1425243620.20392)
(0, -10, 0, 212.91176470588238, 230, 0, 2, False, 1425243620.305626)
(0, -10, 0, 212.91176470588238, 230, 0, 2, False, 1425243620.407673)
(0, -10, 0, 212.91176470588238, 230, 0, 2, False, 1425243620.517598)
(0, -10, 0, 212.91176470588238, 230, 0, 2, False, 1425243620.623519)
(0, -10, 0, 212.91176470588238, 230, 0, 2, False, 1425243620.729535)
(0, -10, 0, 212.91176470588238, 230, 0, 2, False, 1425243620.831296)
(0, -10, 0, 212.91176470588238, 230, 0, 2, False, 1425243620.934142)
(0, -10, 0, 212.91176470588238, 230, 0, 2, False, 1425243621.037106)
(0, -10, 0, 212.91176470588238, 230, 0, 2, False, 1425243621.141858)
(0, -10, 0, 212.91176470588238, 230, 0, 2, True, 1425243625.330405)
(0, -10, 0, 212.91176470588238, 230, 0, 2, True, 1425243625.433052)
(0, -10, 0, 212.91176470588238, 230, 0, 2, True, 1425243625.534981)
(0, -10, 0, 212.91176470588238, 230, 0, 2, True, 1425243625.63667)
(0, -10, 0, 212.91176470588238, 230, 0, 2, True, 1425243625.744023)
(0, -10, 0, 212.91176470588238, 230, 0, 2, True, 1425243625.847844)
(0, -10, 0, 212.91176470588238, 230, 0, 2, True, 1425243625.952795)
(0, -10, 0, 212.91176470588238, 230, 0, 2, True, 1425243626.054943)
(0, -10, 0, 212.91176470588238, 230, 0, 2, True, 1425243626.157776)
(0, -10, 0, 212.91176470588238, 230, 0, 2, True, 1425243626.259519)
(0, -10, 0, 212.91176470588238, 230, 0, 2, True, 1425243630.575736)
(0, -10, 0, 212.91176470588238, 230, 0, 2, True, 1425243630.679676)
(0, -10, 0, 212.91176470588238, 230, 0, 2, True, 1425243630.781662)
(0, -10, 0, 212.91176470588238, 230, 0, 2, True, 1425243630.883394)
(0, -10, 0, 212.91176470588238, 230, 0, 2, True, 1425243630.985643)
(0, -10, 0, 212.91176470588238, 230, 0, 2, True, 1425243631.088865)
(0, -10, 0, 212.91176470588238, 230, 0, 2, True, 1425243631.191361)
(0, -10, 0, 212.91176470588238, 230, 0, 2, True, 1425243631.296785)
(0, -10, 0, 212.91176470588238, 230, 0, 2, True, 1425243631.398237)
(0, -10, 0, 212.91176470588238, 230, 0, 2, True, 1425243631.50187)
(0, -10, 0, 196.5441176470589, 230, 0, 2, True, 1425243635.617744)
(0, -10, 0, 196.5441176470589, 230, 0, 2, True, 1425243635.719799)
(0, -10, 0, 196.5441176470589, 230, 0, 2, True, 1425243635.821474)
(0, -10, 0, 196.5441176470589, 230, 0, 2, True, 1425243635.927539)
(0, -10, 0, 196.5441176470589, 230, 0, 2, True, 1425243636.029421)
(0, -10, 0, 196.5441176470589, 230, 0, 2, True, 1425243636.13464)
(0, -10, 0, 196.5441176470589, 230, 0, 2, True, 1425243636.236433)
(0, -10, 0, 196.5441176470589, 230, 0, 2, True, 1425243636.338675)
(0, -10, 0, 196.5441176470589, 230, 0, 2, True, 1425243636.440641)
(0, -10, 0, 196.5441176470589, 230, 0, 2, True, 1425243636.544721)
(0, -10, 0, 196.68449197860969, 230, 0, 2, True, 1425243640.634889)
(0, -10, 0, 196.68449197860969, 230, 0, 2, True, 1425243640.737509)
(0, -10, 0, 196.68449197860969, 230, 0, 2, True, 1425243640.840788)
(0, -10, 0, 196.68449197860969, 230, 0, 2, True, 1425243640.943558)
(0, -10, 0, 196.68449197860969, 230, 0, 2, True, 1425243641.046649)
(0, -10, 0, 196.68449197860969, 230, 0, 2, True, 1425243641.153718)
(0, -10, 0, 196.68449197860969, 230, 0, 2, True, 1425243641.255768)
(0, -10, 0, 196.68449197860969, 230, 0, 2, True, 1425243641.357731)
(0, -10, 0, 196.68449197860969, 230, 0, 2, True, 1425243641.459551)
(0, -10, 0, 196.68449197860969, 230, 0, 2, True, 1425243641.561294)
(0, -10, 0, 196.87500000000003, 230, 0, 2, True, 1425243645.575785)
(0, -10, 0, 196.87500000000003, 230, 0, 2, True, 1425243645.677989)
(0, -10, 0, 196.87500000000003, 230, 0, 2, True, 1425243645.779724)
(0, -10, 0, 196.87500000000003, 230, 0, 2, True, 1425243645.881273)
(0, -10, 0, 196.87500000000003, 230, 0, 2, True, 1425243645.984276)
(0, -10, 0, 196.87500000000003, 230, 0, 2, True, 1425243646.087489)
(0, -10, 0, 196.87500000000003, 230, 0, 2, True, 1425243646.189993)
(0, -10, 0, 196.87500000000003, 230, 0, 2, True, 1425243646.293093)
(0, -10, 0, 196.87500000000003, 230, 0, 2, True, 1425243646.395396)
(0, -10, 0, 196.87500000000003, 230, 0, 2, True, 1425243646.49788)
(0, -10, 0, 196.57169117647064, 230, 0, 2, True, 1425243650.599367)
(0, -10, 0, 196.57169117647064, 230, 0, 2, True, 1425243650.700971)
(0, -10, 0, 196.57169117647064, 230, 0, 2, True, 1425243650.802509)
(0, -10, 0, 196.57169117647064, 230, 0, 2, True, 1425243650.903869)
(0, -10, 0, 196.57169117647064, 230, 0, 2, True, 1425243651.005521)
(0, -10, 0, 196.57169117647064, 230, 0, 2, True, 1425243651.108573)
(0, -10, 0, 196.57169117647064, 230, 0, 2, True, 1425243651.210538)
(0, -10, 0, 196.57169117647064, 230, 0, 2, True, 1425243651.312755)
(0, -10, 0, 196.57169117647064, 230, 0, 2, True, 1425243651.414492)
(0, -10, 0, 196.57169117647064, 230, 0, 2, True, 1425243651.51617)
(0, -10, 0, 196.8014705882353, 230, 0, 2, True, 1425243655.534717)
(0, -10, 0, 196.8014705882353, 230, 0, 2, True, 1425243655.636747)
(0, -10, 0, 196.8014705882353, 230, 0, 2, True, 1425243655.738245)
(0, -10, 0, 196.8014705882353, 230, 0, 2, True, 1425243655.844381)
(0, -10, 0, 196.8014705882353, 230, 0, 2, True, 1425243655.947018)
(0, -10, 0, 196.8014705882353, 230, 0, 2, True, 1425243656.052223)
(0, -10, 0, 196.8014705882353, 230, 0, 2, True, 1425243656.154235)
(0, -10, 0, 196.8014705882353, 230, 0, 2, True, 1425243656.255881)
(0, -10, 0, 196.8014705882353, 230, 0, 2, True, 1425243656.357369)
(0, -10, 0, 196.8014705882353, 230, 0, 2, True, 1425243656.459299)
(0, -10, 0, 196.52573529411768, 230, 0, 2, True, 1425243660.382164)
(0, -10, 0, 196.52573529411768, 230, 0, 2, True, 1425243660.490347)
(0, -10, 0, 196.52573529411768, 230, 0, 2, True, 1425243660.593107)
(0, -10, 0, 196.52573529411768, 230, 0, 2, True, 1425243660.694596)
(0, -10, 0, 196.52573529411768, 230, 0, 2, True, 1425243660.797928)
(0, -10, 0, 196.52573529411768, 230, 0, 2, True, 1425243660.900886)
(0, -10, 0, 196.52573529411768, 230, 0, 2, True, 1425243661.006407)
(0, -10, 0, 196.52573529411768, 230, 0, 2, True, 1425243661.11307)
(0, -10, 0, 196.52573529411768, 230, 0, 2, True, 1425243661.218144)
(0, -10, 0, 196.52573529411768, 230, 0, 2, True, 1425243661.320043)
(0, -10, 0, 196.59138655462192, 230, 0, 2, False, 1425243665.32945)
(0, -10, 0, 196.59138655462192, 230, 0, 2, False, 1425243665.438165)
(0, -10, 0, 196.59138655462192, 230, 0, 2, False, 1425243665.540139)
(0, -10, 0, 196.59138655462192, 230, 0, 2, False, 1425243665.642168)
(0, -10, 0, 196.59138655462192, 230, 0, 2, False, 1425243665.746128)
(0, -10, 0, 196.59138655462192, 230, 0, 2, False, 1425243665.852468)
(0, -10, 0, 196.59138655462192, 230, 0, 2, False, 1425243665.953968)
(0, -10, 0, 196.59138655462192, 230, 0, 2, False, 1425243666.055241)
(0, -10, 0, 196.59138655462192, 230, 0, 2, False, 1425243666.159859)
(0, -10, 0, 196.59138655462192, 230, 0, 2, False, 1425243666.261276)
(0, -10, 0, 196.59138655462192, 230, 0, 2, True, 1425243670.228295)
(0, -10, 0, 196.59138655462192, 230, 0, 2, True, 1425243670.330547)
(0, -10, 0, 196.59138655462192, 230, 0, 2, True, 1425243670.433059)
(0, -10, 0, 196.59138655462192, 230, 0, 2, True, 1425243670.535002)
(0, -10, 0, 196.59138655462192, 230, 0, 2, True, 1425243670.637143)
(0, -10, 0, 196.59138655462192, 230, 0, 2, True, 1425243670.741825)
(0, -10, 0, 196.59138655462192, 230, 0, 2, True, 1425243670.843663)
(0, -10, 0, 196.59138655462192, 230, 0, 2, True, 1425243670.945159)
(0, -10, 0, 196.59138655462192, 230, 0, 2, True, 1425243671.046626)
(0, -10, 0, 196.59138655462192, 230, 0, 2, True, 1425243671.149005)
(0, -10, 0, 259.59558823529414, 230, 0, 2, True, 1425243675.108729)
(0, -10, 0, 259.59558823529414, 230, 0, 2, True, 1425243675.212411)
(0, -10, 0, 259.59558823529414, 230, 0, 2, True, 1425243675.314416)
(0, -10, 0, 259.59558823529414, 230, 0, 2, True, 1425243675.416323)
(0, -10, 0, 259.59558823529414, 230, 0, 2, True, 1425243675.527254)
(0, -10, 0, 259.59558823529414, 230, 0, 2, True, 1425243675.630794)
(0, -10, 0, 259.59558823529414, 230, 0, 2, True, 1425243675.732515)
(0, -10, 0, 259.59558823529414, 230, 0, 2, True, 1425243675.837323)
(0, -10, 0, 259.59558823529414, 230, 0, 2, True, 1425243675.938671)
(0, -10, 0, 259.59558823529414, 230, 0, 2, True, 1425243676.043163)
(0, -10, 0, 344.90196078431376, 230, 0, 2, True, 1425243679.959079)
(0, -10, 0, 344.90196078431376, 230, 0, 2, True, 1425243680.064547)
(0, -10, 0, 344.90196078431376, 230, 0, 2, True, 1425243680.166047)
(0, -10, 0, 344.90196078431376, 230, 0, 2, True, 1425243680.269709)
(0, -10, 0, 344.90196078431376, 230, 0, 2, True, 1425243680.374152)
(0, -10, 0, 344.90196078431376, 230, 0, 2, True, 1425243680.478699)
(0, -10, 0, 344.90196078431376, 230, 0, 2, True, 1425243680.583372)
(0, -10, 0, 344.90196078431376, 230, 0, 2, True, 1425243680.6878)
(0, -10, 0, 344.90196078431376, 230, 0, 2, True, 1425243680.790427)
(0, -10, 0, 344.90196078431376, 230, 0, 2, True, 1425243680.892149)
(0, -10, 0, 344.4117647058824, 230, 0, 2, True, 1425243684.748498)
(0, -10, 0, 344.4117647058824, 230, 0, 2, True, 1425243684.850925)
(0, -10, 0, 344.4117647058824, 230, 0, 2, True, 1425243684.953744)
(0, -10, 0, 344.4117647058824, 230, 0, 2, True, 1425243685.057885)
(0, -10, 0, 344.4117647058824, 230, 0, 2, True, 1425243685.159532)
(0, -10, 0, 344.4117647058824, 230, 0, 2, True, 1425243685.265492)
(0, -10, 0, 344.4117647058824, 230, 0, 2, True, 1425243685.371618)
(0, -10, 0, 344.4117647058824, 230, 0, 2, True, 1425243685.475107)
(0, -10, 0, 344.4117647058824, 230, 0, 2, True, 1425243685.577515)
(0, -10, 0, 344.4117647058824, 230, 0, 2, True, 1425243685.67978)
(0, -10, 0, 344.5588235294118, 230, 0, 2, True, 1425243689.650103)
(0, -10, 0, 344.5588235294118, 230, 0, 2, True, 1425243689.751845)
(0, -10, 0, 344.5588235294118, 230, 0, 2, True, 1425243689.856013)
(0, -10, 0, 344.5588235294118, 230, 0, 2, True, 1425243689.958234)
(0, -10, 0, 344.5588235294118, 230, 0, 2, True, 1425243690.059897)
(0, -10, 0, 344.5588235294118, 230, 0, 2, True, 1425243690.162997)
(0, -10, 0, 344.5588235294118, 230, 0, 2, True, 1425243690.264641)
(0, -10, 0, 344.5588235294118, 230, 0, 2, True, 1425243690.36671)
(0, -10, 0, 344.5588235294118, 230, 0, 2, True, 1425243690.474746)
(0, -10, 0, 344.5588235294118, 230, 0, 2, True, 1425243690.57739)
(0, -10, 0, 345.05514705882354, 230, 0, 2, True, 1425243694.535649)
(0, -10, 0, 345.05514705882354, 230, 0, 2, True, 1425243694.637962)
(0, -10, 0, 345.05514705882354, 230, 0, 2, True, 1425243694.74084)
(0, -10, 0, 345.05514705882354, 230, 0, 2, True, 1425243694.842128)
(0, -10, 0, 345.05514705882354, 230, 0, 2, True, 1425243694.944417)
(0, -10, 0, 345.05514705882354, 230, 0, 2, True, 1425243695.047233)
(0, -10, 0, 345.05514705882354, 230, 0, 2, True, 1425243695.149783)
(0, -10, 0, 345.05514705882354, 230, 0, 2, True, 1425243695.251501)
(0, -10, 0, 345.05514705882354, 230, 0, 2, True, 1425243695.353217)
(0, -10, 0, 345.05514705882354, 230, 0, 2, True, 1425243695.455272)
(0, -10, 0, 344.5588235294118, 230, 0, 2, True, 1425243699.374885)
(0, -10, 0, 344.5588235294118, 230, 0, 2, True, 1425243699.477365)
(0, -10, 0, 344.5588235294118, 230, 0, 2, True, 1425243699.579047)
(0, -10, 0, 344.5588235294118, 230, 0, 2, True, 1425243699.68076)
(0, -10, 0, 344.5588235294118, 230, 0, 2, True, 1425243699.78235)
(0, -10, 0, 344.5588235294118, 230, 0, 2, True, 1425243699.88661)
(0, -10, 0, 344.5588235294118, 230, 0, 2, True, 1425243699.9926)
(0, -10, 0, 344.5588235294118, 230, 0, 2, True, 1425243700.095547)
(0, -10, 0, 344.5588235294118, 230, 0, 2, True, 1425243700.197564)
(0, -10, 0, 344.5588235294118, 230, 0, 2, True, 1425243700.299417)
(0, -10, 0, 344.5588235294118, 230, 0, 2, True, 1425243704.282541)
(0, -10, 0, 344.5588235294118, 230, 0, 2, True, 1425243704.384548)
(0, -10, 0, 344.5588235294118, 230, 0, 2, True, 1425243704.488113)
(0, -10, 0, 344.5588235294118, 230, 0, 2, True, 1425243704.593168)
(0, -10, 0, 344.5588235294118, 230, 0, 2, True, 1425243704.695359)
(0, -10, 0, 344.5588235294118, 230, 0, 2, True, 1425243704.798959)
(0, -10, 0, 344.5588235294118, 230, 0, 2, True, 1425243704.903646)
(0, -10, 0, 344.5588235294118, 230, 0, 2, True, 1425243705.006005)
(0, -10, 0, 344.5588235294118, 230, 0, 2, True, 1425243705.109381)
(0, -10, 0, 344.5588235294118, 230, 0, 2, True, 1425243705.211231)
(0, -10, 0, 344.4117647058824, 230, 0, 2, True, 1425243709.292007)
(0, -10, 0, 344.4117647058824, 230, 0, 2, True, 1425243709.393646)
(0, -10, 0, 344.4117647058824, 230, 0, 2, True, 1425243709.495532)
(0, -10, 0, 344.4117647058824, 230, 0, 2, True, 1425243709.597156)
(0, -10, 0, 344.4117647058824, 230, 0, 2, True, 1425243709.698732)
(0, -10, 0, 344.4117647058824, 230, 0, 2, True, 1425243709.802402)
(0, -10, 0, 344.4117647058824, 230, 0, 2, True, 1425243709.903912)
(0, -10, 0, 344.4117647058824, 230, 0, 2, True, 1425243710.005638)
(0, -10, 0, 344.4117647058824, 230, 0, 2, True, 1425243710.10743)
(0, -10, 0, 344.4117647058824, 230, 0, 2, False, 1425243710.216024)
(0, -10, 0, 344.7794117647059, 230, 0, 2, True, 1425243714.359726)
(0, -10, 0, 344.7794117647059, 230, 0, 2, True, 1425243714.46551)
(0, -10, 0, 344.7794117647059, 230, 0, 2, True, 1425243714.56791)
(0, -10, 0, 344.7794117647059, 230, 0, 2, True, 1425243714.670032)
(0, -10, 0, 344.7794117647059, 230, 0, 2, True, 1425243714.775752)
(0, -10, 0, 344.7794117647059, 230, 0, 2, True, 1425243714.880109)
(0, -10, 0, 344.7794117647059, 230, 0, 2, True, 1425243714.982512)
(0, -10, 0, 344.7794117647059, 230, 0, 2, True, 1425243715.085426)
(0, -10, 0, 344.7794117647059, 230, 0, 2, True, 1425243715.186796)
(0, -10, 0, 344.7794117647059, 230, 0, 2, True, 1425243715.289156)
(0, -10, 0, 344.5588235294118, 230, 0, 2, True, 1425243719.120743)
(0, -10, 0, 344.5588235294118, 230, 0, 2, True, 1425243719.222417)
(0, -10, 0, 344.5588235294118, 230, 0, 2, True, 1425243719.326428)
(0, -10, 0, 344.5588235294118, 230, 0, 2, True, 1425243719.431156)
(0, -10, 0, 344.5588235294118, 230, 0, 2, True, 1425243719.533127)
(0, -10, 0, 344.5588235294118, 230, 0, 2, True, 1425243719.63683)
(0, -10, 0, 344.5588235294118, 230, 0, 2, True, 1425243719.73967)
(0, -10, 0, 344.5588235294118, 230, 0, 2, True, 1425243719.842206)
(0, -10, 0, 344.5588235294118, 230, 0, 2, True, 1425243719.945027)
(0, -10, 0, 344.5588235294118, 230, 0, 2, True, 1425243720.048542)
(0, -10, 0, 344.50367647058823, 230, 0, 2, True, 1425243724.181684)
(0, -10, 0, 344.50367647058823, 230, 0, 2, True, 1425243724.286515)
(0, -10, 0, 344.50367647058823, 230, 0, 2, True, 1425243724.391024)
(0, -10, 0, 344.50367647058823, 230, 0, 2, True, 1425243724.493332)
(0, -10, 0, 344.50367647058823, 230, 0, 2, True, 1425243724.596548)
(0, -10, 0, 344.50367647058823, 230, 0, 2, True, 1425243724.700362)
(0, -10, 0, 344.50367647058823, 230, 0, 2, True, 1425243724.802648)
(0, -10, 0, 344.50367647058823, 230, 0, 2, True, 1425243724.908752)
(0, -10, 0, 344.50367647058823, 230, 0, 2, True, 1425243725.010545)
(0, -10, 0, 344.50367647058823, 230, 0, 2, True, 1425243725.113881)
(0, -10, 0, 344.7794117647059, 230, 0, 2, True, 1425243729.123995)
(0, -10, 0, 344.7794117647059, 230, 0, 2, True, 1425243729.227531)
(0, -10, 0, 344.7794117647059, 230, 0, 2, True, 1425243729.33011)
(0, -10, 0, 344.7794117647059, 230, 0, 2, True, 1425243729.434581)
(0, -10, 0, 344.7794117647059, 230, 0, 2, True, 1425243729.536588)
(0, -10, 0, 344.7794117647059, 230, 0, 2, True, 1425243729.639514)
(0, -10, 0, 344.7794117647059, 230, 0, 2, True, 1425243729.744018)
(0, -10, 0, 344.7794117647059, 230, 0, 2, True, 1425243729.846)
(0, -10, 0, 344.7794117647059, 230, 0, 2, True, 1425243729.94753)
(0, -10, 0, 344.7794117647059, 230, 0, 2, True, 1425243730.0495)
(0, -10, 0, 344.7794117647059, 230, 0, 2, True, 1425243734.146119)
(0, -10, 0, 344.7794117647059, 230, 0, 2, True, 1425243734.24784)
(0, -10, 0, 344.7794117647059, 230, 0, 2, True, 1425243734.349644)
(0, -10, 0, 344.7794117647059, 230, 0, 2, True, 1425243734.452263)
(0, -10, 0, 344.7794117647059, 230, 0, 2, True, 1425243734.554392)
(0, -10, 0, 344.7794117647059, 230, 0, 2, True, 1425243734.661367)
(0, -10, 0, 344.7794117647059, 230, 0, 2, True, 1425243734.762923)
(0, -10, 0, 344.7794117647059, 230, 0, 2, True, 1425243734.86473)
(0, -10, 0, 344.7794117647059, 230, 0, 2, True, 1425243734.970481)
(0, -10, 0, 344.7794117647059, 230, 0, 2, True, 1425243735.072386)
(0, -10, 0, 344.5588235294118, 230, 0, 2, True, 1425243739.027396)
(0, -10, 0, 344.5588235294118, 230, 0, 2, True, 1425243739.129431)
(0, -10, 0, 344.5588235294118, 230, 0, 2, True, 1425243739.231906)
(0, -10, 0, 344.5588235294118, 230, 0, 2, True, 1425243739.333752)
(0, -10, 0, 344.5588235294118, 230, 0, 2, True, 1425243739.438052)
(0, -10, 0, 344.5588235294118, 230, 0, 2, True, 1425243739.541603)
(0, -10, 0, 344.5588235294118, 230, 0, 2, True, 1425243739.643759)
(0, -10, 0, 344.5588235294118, 230, 0, 2, True, 1425243739.745507)
(0, -10, 0, 344.5588235294118, 230, 0, 2, True, 1425243739.84749)
(0, -10, 0, 344.5588235294118, 230, 0, 2, True, 1425243739.949659)
(0, -10, 0, 344.5588235294118, 230, 0, 2, True, 1425243744.084147)
(0, -10, 0, 344.5588235294118, 230, 0, 2, True, 1425243744.189505)
(0, -10, 0, 344.5588235294118, 230, 0, 2, True, 1425243744.291379)
(0, -10, 0, 344.5588235294118, 230, 0, 2, True, 1425243744.397677)
(0, -10, 0, 344.5588235294118, 230, 0, 2, True, 1425243744.503674)
(0, -10, 0, 344.5588235294118, 230, 0, 2, True, 1425243744.606571)
(0, -10, 0, 344.5588235294118, 230, 0, 2, True, 1425243744.708354)
(0, -10, 0, 344.5588235294118, 230, 0, 2, True, 1425243744.810767)
(0, -10, 0, 344.5588235294118, 230, 0, 2, True, 1425243744.91432)
(0, -10, 0, 344.5588235294118, 230, 0, 2, True, 1425243745.016665)
(0, -10, 0, 344.5588235294118, 230, 0, 2, True, 1425243749.054651)
(0, -10, 0, 344.5588235294118, 230, 0, 2, True, 1425243749.157374)
(0, -10, 0, 344.5588235294118, 230, 0, 2, True, 1425243749.259263)
(0, -10, 0, 344.5588235294118, 230, 0, 2, True, 1425243749.361629)
(0, -10, 0, 344.5588235294118, 230, 0, 2, True, 1425243749.463995)
(0, -10, 0, 344.5588235294118, 230, 0, 2, True, 1425243749.567494)
(0, -10, 0, 344.5588235294118, 230, 0, 2, True, 1425243749.669538)
(0, -10, 0, 344.5588235294118, 230, 0, 2, True, 1425243749.771232)
(0, -10, 0, 344.5588235294118, 230, 0, 2, True, 1425243749.872973)
(0, -10, 0, 344.5588235294118, 230, 0, 2, True, 1425243749.977101)
(0, -10, 0, 344.7794117647059, 230, 0, 2, True, 1425243754.074858)
(0, -10, 0, 344.7794117647059, 230, 0, 2, True, 1425243754.178671)
(0, -10, 0, 344.7794117647059, 230, 0, 2, True, 1425243754.283295)
(0, -10, 0, 344.7794117647059, 230, 0, 2, True, 1425243754.386024)
(0, -10, 0, 344.7794117647059, 230, 0, 2, True, 1425243754.488237)
(0, -10, 0, 344.7794117647059, 230, 0, 2, True, 1425243754.591228)
(0, -10, 0, 344.7794117647059, 230, 0, 2, True, 1425243754.693702)
(0, -10, 0, 344.7794117647059, 230, 0, 2, True, 1425243754.799422)
(0, -10, 0, 344.7794117647059, 230, 0, 2, True, 1425243754.901875)
(0, -10, 0, 344.7794117647059, 230, 0, 2, True, 1425243755.003887)
(0, -10, 0, 344.5588235294118, 230, 0, 2, True, 1425243759.044741)
(0, -10, 0, 344.5588235294118, 230, 0, 2, True, 1425243759.150875)
(0, -10, 0, 344.5588235294118, 230, 0, 2, True, 1425243759.253056)
(0, -10, 0, 344.5588235294118, 230, 0, 2, True, 1425243759.355006)
(0, -10, 0, 344.5588235294118, 230, 0, 2, True, 1425243759.457915)
(0, -10, 0, 344.5588235294118, 230, 0, 2, True, 1425243759.561693)
(0, -10, 0, 344.5588235294118, 230, 0, 2, True, 1425243759.663564)
(0, -10, 0, 344.5588235294118, 230, 0, 2, True, 1425243759.766892)
(0, -10, 0, 344.5588235294118, 230, 0, 2, True, 1425243759.868514)
(0, -10, 0, 344.5588235294118, 230, 0, 2, True, 1425243759.972224)
(0, -10, 0, 344.5588235294118, 230, 0, 2, True, 1425243764.151634)
(0, -10, 0, 344.5588235294118, 230, 0, 2, True, 1425243764.25445)
(0, -10, 0, 344.5588235294118, 230, 0, 2, True, 1425243764.356295)
(0, -10, 0, 344.5588235294118, 230, 0, 2, True, 1425243764.458034)
(0, -10, 0, 344.5588235294118, 230, 0, 2, True, 1425243764.562414)
(0, -10, 0, 344.5588235294118, 230, 0, 2, True, 1425243764.664166)
(0, -10, 0, 344.5588235294118, 230, 0, 2, True, 1425243764.76803)
(0, -10, 0, 344.5588235294118, 230, 0, 2, True, 1425243764.872)
(0, -10, 0, 344.5588235294118, 230, 0, 2, True, 1425243764.973767)
(0, -10, 0, 344.5588235294118, 230, 0, 2, True, 1425243765.079186)
(0, -10, 0, 344.5588235294118, 230, 0, 2, True, 1425243769.213903)
(0, -10, 0, 344.5588235294118, 230, 0, 2, True, 1425243769.321344)
(0, -10, 0, 344.5588235294118, 230, 0, 2, True, 1425243769.425241)
(0, -10, 0, 344.5588235294118, 230, 0, 2, True, 1425243769.527508)
(0, -10, 0, 344.5588235294118, 230, 0, 2, True, 1425243769.629197)
(0, -10, 0, 344.5588235294118, 230, 0, 2, True, 1425243769.731667)
(0, -10, 0, 344.5588235294118, 230, 0, 2, True, 1425243769.835898)
(0, -10, 0, 344.5588235294118, 230, 0, 2, True, 1425243769.938126)
(0, -10, 0, 344.5588235294118, 230, 0, 2, True, 1425243770.042524)
(0, -10, 0, 344.5588235294118, 230, 0, 2, True, 1425243770.144234)
(0, -10, 0, 344.5588235294118, 230, 0, 2, True, 1425243774.122874)
(0, -10, 0, 344.5588235294118, 230, 0, 2, True, 1425243774.228657)
(0, -10, 0, 344.5588235294118, 230, 0, 2, True, 1425243774.333502)
(0, -10, 0, 344.5588235294118, 230, 0, 2, True, 1425243774.435684)
(0, -10, 0, 344.5588235294118, 230, 0, 2, True, 1425243774.538235)
(0, -10, 0, 344.5588235294118, 230, 0, 2, True, 1425243774.644189)
(0, -10, 0, 344.5588235294118, 230, 0, 2, True, 1425243774.746391)
(0, -10, 0, 344.5588235294118, 230, 0, 2, True, 1425243774.847895)
(0, -10, 0, 344.5588235294118, 230, 0, 2, True, 1425243774.952397)
(0, -10, 0, 344.5588235294118, 230, 0, 2, True, 1425243775.054076)
(0, -10, 0, 344.5588235294118, 230, 0, 2, True, 1425243779.166141)
(0, -10, 0, 344.5588235294118, 230, 0, 2, True, 1425243779.276263)
(0, -10, 0, 344.5588235294118, 230, 0, 2, True, 1425243779.377869)
(0, -10, 0, 344.5588235294118, 230, 0, 2, True, 1425243779.479629)
(0, -10, 0, 344.5588235294118, 230, 0, 2, True, 1425243779.581627)
(0, -10, 0, 344.5588235294118, 230, 0, 2, True, 1425243779.683632)
(0, -10, 0, 344.5588235294118, 230, 0, 2, True, 1425243779.785302)
(0, -10, 0, 344.5588235294118, 230, 0, 2, True, 1425243779.887748)
(0, -10, 0, 344.5588235294118, 230, 0, 2, True, 1425243779.989364)
(0, -10, 0, 344.5588235294118, 230, 0, 2, True, 1425243780.092903)
(0, -10, 0, 344.5588235294118, 230, 0, 2, True, 1425243784.213045)
(0, -10, 0, 344.5588235294118, 230, 0, 2, True, 1425243784.315962)
(0, -10, 0, 344.5588235294118, 230, 0, 2, True, 1425243784.41805)
(0, -10, 0, 344.5588235294118, 230, 0, 2, True, 1425243784.523178)
(0, -10, 0, 344.5588235294118, 230, 0, 2, True, 1425243784.624926)
(0, -10, 0, 344.5588235294118, 230, 0, 2, True, 1425243784.728608)
(0, -10, 0, 344.5588235294118, 230, 0, 2, True, 1425243784.830637)
(0, -10, 0, 344.5588235294118, 230, 0, 2, True, 1425243784.932874)
(0, -10, 0, 344.5588235294118, 230, 0, 2, True, 1425243785.035401)
(0, -10, 0, 344.5588235294118, 230, 0, 2, True, 1425243785.140077)
(0, -10, 0, 344.5588235294118, 230, 0, 2, True, 1425243789.270388)
(0, -10, 0, 344.5588235294118, 230, 0, 2, True, 1425243789.37441)
(0, -10, 0, 344.5588235294118, 230, 0, 2, True, 1425243789.476443)
(0, -10, 0, 344.5588235294118, 230, 0, 2, True, 1425243789.578373)
(0, -10, 0, 344.5588235294118, 230, 0, 2, True, 1425243789.682716)
(0, -10, 0, 344.5588235294118, 230, 0, 2, True, 1425243789.785444)
(0, -10, 0, 344.5588235294118, 230, 0, 2, True, 1425243789.887156)
(0, -10, 0, 344.5588235294118, 230, 0, 2, True, 1425243789.989306)
(0, -10, 0, 344.5588235294118, 230, 0, 2, True, 1425243790.091923)
(0, -10, 0, 344.5588235294118, 230, 0, 2, True, 1425243790.193785)
(0, -10, 0, 344.5588235294118, 230, 0, 2, True, 1425243794.169999)
(0, -10, 0, 344.5588235294118, 230, 0, 2, True, 1425243794.278292)
(0, -10, 0, 344.5588235294118, 230, 0, 2, True, 1425243794.380004)
(0, -10, 0, 344.5588235294118, 230, 0, 2, True, 1425243794.48221)
(0, -10, 0, 344.5588235294118, 230, 0, 2, True, 1425243794.587254)
(0, -10, 0, 344.5588235294118, 230, 0, 2, True, 1425243794.689641)
(0, -10, 0, 344.5588235294118, 230, 0, 2, True, 1425243794.792609)
(0, -10, 0, 344.5588235294118, 230, 0, 2, True, 1425243794.894276)
(0, -10, 0, 344.5588235294118, 230, 0, 2, True, 1425243794.99586)
(0, -10, 0, 344.5588235294118, 230, 0, 2, True, 1425243795.097499)
(0, -10, 0, 344.7794117647059, 230, 0, 2, True, 1425243799.201923)
(0, -10, 0, 344.7794117647059, 230, 0, 2, True, 1425243799.308775)
(0, -10, 0, 344.7794117647059, 230, 0, 2, True, 1425243799.414398)
(0, -10, 0, 344.7794117647059, 230, 0, 2, True, 1425243799.518612)
(0, -10, 0, 344.7794117647059, 230, 0, 2, True, 1425243799.620268)
(0, -10, 0, 344.7794117647059, 230, 0, 2, True, 1425243799.722245)
(0, -10, 0, 344.7794117647059, 230, 0, 2, True, 1425243799.824376)
(0, -10, 0, 344.7794117647059, 230, 0, 2, True, 1425243799.926854)
(0, -10, 0, 344.7794117647059, 230, 0, 2, True, 1425243800.028622)
(0, -10, 0, 344.7794117647059, 230, 0, 2, True, 1425243800.134148)
(0, -10, 0, 344.5588235294118, 230, 0, 2, True, 1425243804.312139)
(0, -10, 0, 344.5588235294118, 230, 0, 2, True, 1425243804.416972)
(0, -10, 0, 344.5588235294118, 230, 0, 2, True, 1425243804.518887)
(0, -10, 0, 344.5588235294118, 230, 0, 2, True, 1425243804.621596)
(0, -10, 0, 344.5588235294118, 230, 0, 2, True, 1425243804.727232)
(0, -10, 0, 344.5588235294118, 230, 0, 2, True, 1425243804.831018)
(0, -10, 0, 344.5588235294118, 230, 0, 2, True, 1425243804.93329)
(0, -10, 0, 344.5588235294118, 230, 0, 2, True, 1425243805.035175)
(0, -10, 0, 344.5588235294118, 230, 0, 2, True, 1425243805.136845)
(0, -10, 0, 344.5588235294118, 230, 0, 2, True, 1425243805.238621)
(0, -10, 0, 344.5588235294118, 230, 0, 2, True, 1425243809.296401)
(0, -10, 0, 344.5588235294118, 230, 0, 2, True, 1425243809.398264)
(0, -10, 0, 344.5588235294118, 230, 0, 2, True, 1425243809.500209)
(0, -10, 0, 344.5588235294118, 230, 0, 2, True, 1425243809.604868)
(0, -10, 0, 344.5588235294118, 230, 0, 2, True, 1425243809.706587)
(0, -10, 0, 344.5588235294118, 230, 0, 2, True, 1425243809.808544)
(0, -10, 0, 344.5588235294118, 230, 0, 2, True, 1425243809.913367)
(0, -10, 0, 344.5588235294118, 230, 0, 2, True, 1425243810.015383)
(0, -10, 0, 344.5588235294118, 230, 0, 2, True, 1425243810.116915)
(0, -10, 0, 344.5588235294118, 230, 0, 2, True, 1425243810.21873)
(0, -10, 0, 344.5588235294118, 230, 0, 2, True, 1425243814.214089)
(0, -10, 0, 344.5588235294118, 230, 0, 2, True, 1425243814.316997)
(0, -10, 0, 344.5588235294118, 230, 0, 2, True, 1425243814.420145)
(0, -10, 0, 344.5588235294118, 230, 0, 2, True, 1425243814.522485)
(0, -10, 0, 344.5588235294118, 230, 0, 2, True, 1425243814.6249)
(0, -10, 0, 344.5588235294118, 230, 0, 2, True, 1425243814.727528)
(0, -10, 0, 344.5588235294118, 230, 0, 2, True, 1425243814.829747)
(0, -10, 0, 344.5588235294118, 230, 0, 2, True, 1425243814.931927)
(0, -10, 0, 344.5588235294118, 230, 0, 2, True, 1425243815.03359)
(0, -10, 0, 344.5588235294118, 230, 0, 2, True, 1425243815.135413)
(0, -10, 0, 344.5588235294118, 230, 0, 2, True, 1425243819.143535)
(0, -10, 0, 344.5588235294118, 230, 0, 2, True, 1425243819.245731)
(0, -10, 0, 344.5588235294118, 230, 0, 2, True, 1425243819.34749)
(0, -10, 0, 344.5588235294118, 230, 0, 2, True, 1425243819.449672)
(0, -10, 0, 344.5588235294118, 230, 0, 2, True, 1425243819.551708)
(0, -10, 0, 344.5588235294118, 230, 0, 2, True, 1425243819.654021)
(0, -10, 0, 344.5588235294118, 230, 0, 2, True, 1425243819.755776)
(0, -10, 0, 344.5588235294118, 230, 0, 2, True, 1425243819.857657)
(0, -10, 0, 344.5588235294118, 230, 0, 2, True, 1425243819.960155)
(0, -10, 0, 344.5588235294118, 230, 0, 2, True, 1425243820.065862)
(0, -10, 0, 344.5588235294118, 230, 0, 2, True, 1425243824.081385)
(0, -10, 0, 344.5588235294118, 230, 0, 2, True, 1425243824.192514)
(0, -10, 0, 344.5588235294118, 230, 0, 2, True, 1425243824.294119)
(0, -10, 0, 344.5588235294118, 230, 0, 2, True, 1425243824.395768)
(0, -10, 0, 344.5588235294118, 230, 0, 2, True, 1425243824.497635)
(0, -10, 0, 344.5588235294118, 230, 0, 2, True, 1425243824.603109)
(0, -10, 0, 344.5588235294118, 230, 0, 2, True, 1425243824.705133)
(0, -10, 0, 344.5588235294118, 230, 0, 2, True, 1425243824.807583)
(0, -10, 0, 344.5588235294118, 230, 0, 2, True, 1425243824.909596)
(0, -10, 0, 344.5588235294118, 230, 0, 2, True, 1425243825.012846)
(0, -10, 0, 344.50367647058823, 230, 0, 2, True, 1425243828.982382)
(0, -10, 0, 344.50367647058823, 230, 0, 2, True, 1425243829.084009)
(0, -10, 0, 344.50367647058823, 230, 0, 2, True, 1425243829.185664)
(0, -10, 0, 344.50367647058823, 230, 0, 2, True, 1425243829.288172)
(0, -10, 0, 344.50367647058823, 230, 0, 2, True, 1425243829.390761)
(0, -10, 0, 344.50367647058823, 230, 0, 2, True, 1425243829.493225)
(0, -10, 0, 344.50367647058823, 230, 0, 2, True, 1425243829.594886)
(0, -10, 0, 344.50367647058823, 230, 0, 2, True, 1425243829.696666)
(0, -10, 0, 344.50367647058823, 230, 0, 2, True, 1425243829.801062)
(0, -10, 0, 344.50367647058823, 230, 0, 2, True, 1425243829.903234)
(0, -10, 0, 344.50367647058823, 230, 0, 2, True, 1425243834.034766)
(0, -10, 0, 344.50367647058823, 230, 0, 2, True, 1425243834.140024)
(0, -10, 0, 344.50367647058823, 230, 0, 2, True, 1425243834.241742)
(0, -10, 0, 344.50367647058823, 230, 0, 2, True, 1425243834.343886)
(0, -10, 0, 344.50367647058823, 230, 0, 2, True, 1425243834.445409)
(0, -10, 0, 344.50367647058823, 230, 0, 2, True, 1425243834.547753)
(0, -10, 0, 344.50367647058823, 230, 0, 2, True, 1425243834.649659)
(0, -10, 0, 344.50367647058823, 230, 0, 2, True, 1425243834.753676)
(0, -10, 0, 344.50367647058823, 230, 0, 2, True, 1425243834.855854)
(0, -10, 0, 344.50367647058823, 230, 0, 2, True, 1425243834.962388)
(0, -10, 0, 35.88235294117649, 230, 0, 2, True, 1425243839.162749)
(0, -10, 0, 35.88235294117649, 230, 0, 2, True, 1425243839.266768)
(0, -10, 0, 35.88235294117649, 230, 0, 2, True, 1425243839.368543)
(0, -10, 0, 35.88235294117649, 230, 0, 2, True, 1425243839.472491)
(0, -10, 0, 35.88235294117649, 230, 0, 2, True, 1425243839.573995)
(0, -10, 0, 35.88235294117649, 230, 0, 2, True, 1425243839.679014)
(0, -10, 0, 35.88235294117649, 230, 0, 2, True, 1425243839.782551)
(0, -10, 0, 35.88235294117649, 230, 0, 2, True, 1425243839.884509)
(0, -10, 0, 35.88235294117649, 230, 0, 2, True, 1425243839.990471)
(0, -10, 0, 35.88235294117649, 230, 0, 2, True, 1425243840.092892)
(0, -10, 0, 36.61764705882354, 230, 0, 2, True, 1425243844.2418)
(0, -10, 0, 36.61764705882354, 230, 0, 2, True, 1425243844.344025)
(0, -10, 0, 36.61764705882354, 230, 0, 2, True, 1425243844.447134)
(0, -10, 0, 36.61764705882354, 230, 0, 2, True, 1425243844.549253)
(0, -10, 0, 36.61764705882354, 230, 0, 2, True, 1425243844.650919)
(0, -10, 0, 36.61764705882354, 230, 0, 2, True, 1425243844.753921)
(0, -10, 0, 36.61764705882354, 230, 0, 2, True, 1425243844.862984)
(0, -10, 0, 36.61764705882354, 230, 0, 2, True, 1425243844.964507)
(0, -10, 0, 36.61764705882354, 230, 0, 2, True, 1425243845.065922)
(0, -10, 0, 36.61764705882354, 230, 0, 2, False, 1425243845.167329)
(0, -10, 0, 36.61764705882354, 230, 0, 2, True, 1425243849.258881)
(0, -10, 0, 36.61764705882354, 230, 0, 2, True, 1425243849.361017)
(0, -10, 0, 36.61764705882354, 230, 0, 2, True, 1425243849.462991)
(0, -10, 0, 36.61764705882354, 230, 0, 2, True, 1425243849.565041)
(0, -10, 0, 36.61764705882354, 230, 0, 2, True, 1425243849.669428)
(0, -10, 0, 36.61764705882354, 230, 0, 2, True, 1425243849.771615)
(0, -10, 0, 36.61764705882354, 230, 0, 2, True, 1425243849.87342)
(0, -10, 0, 36.61764705882354, 230, 0, 2, True, 1425243849.976573)
(0, -10, 0, 36.61764705882354, 230, 0, 2, True, 1425243850.078731)
(0, -10, 0, 36.61764705882354, 230, 0, 2, True, 142524