(0, -10, 108.1, 108.1, 230, 0, 2, True, 1425244523.846268)
(0, -10, 108.1, 108.1, 230, 0, 2, True, 1425244523.948112)
(0, -10, 108.1, 108.1, 230, 0, 2, True, 1425244524.050355)
(0, -10, 108.1, 108.1, 230, 0, 2, True, 1425244524.155112)
(0, -10, 108.0, 108.0, 230, 0, 2, True, 1425244524.256643)
(0, -10, 108.0, 108.0, 230, 0, 2, True, 1425244524.360513)
(0, -10, 108.0, 108.0, 230, 0, 2, True, 1425244524.463218)
(0, -10, 108.0, 108.0, 230, 0, 2, True, 1425244524.565942)
(0, -10, 108.0, 108.0, 230, 0, 2, True, 1425244524.668474)
(0, -10, 108.0, 108.0, 230, 0, 2, True, 1425244524.782115)
