(0, -10, 124.5, 170.32894736842107, 230, 0, 2, False, 1425243909.572999)
(0, -10, 124.5, 170.32894736842107, 230, 0, 2, False, 1425243909.676069)
(0, -10, 124.5, 170.32894736842107, 230, 0, 2, False, 1425243909.778302)
(0, -10, 124.5, 170.32894736842107, 230, 0, 2, False, 1425243909.880319)
(0, -10, 124.5, 170.32894736842107, 230, 0, 2, False, 1425243909.982429)
(0, -10, 124.5, 170.32894736842107, 230, 0, 2, False, 1425243910.08447)
(0, -10, 124.5, 170.32894736842107, 230, 0, 2, True, 1425243910.186814)
(0, -10, 124.5, 170.32894736842107, 230, 0, 2, True, 1425243910.289497)
(0, -10, 124.5, 170.32894736842107, 230, 0, 2, True, 1425243910.395744)
(0, -10, 124.5, 170.32894736842107, 230, 0, 2, True, 1425243910.498174)
(0, -10, 124.5, 170.32894736842107, 230, 0, 2, True, 1425243912.371533)
(0, -10, 124.5, 170.32894736842107, 230, 0, 2, True, 1425243912.473872)
(0, -10, 124.5, 170.32894736842107, 230, 0, 2, True, 1425243912.576393)
(0, -10, 124.5, 170.32894736842107, 230, 0, 2, True, 1425243912.681925)
(0, -10, 124.5, 170.32894736842107, 230, 0, 2, True, 1425243912.783922)
(0, -10, 124.5, 170.32894736842107, 230, 0, 2, True, 1425243912.887941)
(0, -10, 124.5, 170.32894736842107, 230, 0, 2, True, 1425243912.989987)
(0, -10, 124.5, 170.32894736842107, 230, 0, 2, True, 1425243913.094926)
(0, -10, 124.5, 170.32894736842107, 230, 0, 2, True, 1425243913.19736)
(0, -10, 124.5, 170.32894736842107, 230, 0, 2, True, 1425243913.30148)
(0, -10, 124.5, 170.32894736842107, 230, 0, 2, True, 1425243915.098457)
(0, -10, 124.5, 170.32894736842107, 230, 0, 2, True, 1425243915.200653)
(0, -10, 124.5, 170.32894736842107, 230, 0, 2, True, 1425243915.30299)
(0, -10, 124.5, 170.32894736842107, 230, 0, 2, True, 1425243915.40623)
(0, -10, 124.5, 170.32894736842107, 230, 0, 2, True, 1425243915.508262)
(0, -10, 124.5, 170.32894736842107, 230, 0, 2, True, 1425243915.612855)
(0, -10, 124.5, 170.32894736842107, 230, 0, 2, True, 1425243915.717115)
(0, -10, 124.5, 170.32894736842107, 230, 0, 2, True, 1425243915.819268)
(0, -10, 124.5, 170.32894736842107, 230, 0, 2, True, 1425243915.921392)
(0, -10, 124.5, 170.32894736842107, 230, 0, 2, True, 1425243916.023833)
(0, -10, 124.5, 170.32894736842107, 230, 0, 2, True, 1425243917.90684)
(0, -10, 124.5, 170.32894736842107, 230, 0, 2, True, 1425243918.009062)
(0, -10, 124.5, 170.32894736842107, 230, 0, 2, True, 1425243918.115782)
(0, -10, 124.5, 170.32894736842107, 230, 0, 2, True, 1425243918.219239)
(0, -10, 124.5, 170.32894736842107, 230, 0, 2, True, 1425243918.321619)
(0, -10, 124.5, 170.32894736842107, 230, 0, 2, True, 1425243918.43652)
(0, -10, 124.5, 170.32894736842107, 230, 0, 2, True, 1425243918.538728)
(0, -10, 124.5, 170.32894736842107, 230, 0, 2, True, 1425243918.64132)
(0, -10, 124.5, 170.32894736842107, 230, 0, 2, True, 1425243918.743435)
(0, -10, 124.5, 170.32894736842107, 230, 0, 2, True, 1425243918.845743)
