(0, -10, 75.3, 145.88035714285712, 230, 0, 2, True, 1425246196.162835)
(0, -10, 75.3, 145.88035714285712, 230, 0, 2, True, 1425246196.265022)
(0, -10, 75.3, 145.88035714285712, 230, 0, 2, True, 1425246196.366769)
(0, -10, 75.3, 145.88035714285712, 230, 0, 2, True, 1425246196.469014)
(0, -10, 75.3, 145.88035714285712, 230, 0, 2, True, 1425246196.571518)
(0, -10, 75.3, 145.88035714285712, 230, 0, 2, True, 1425246196.677167)
(0, -10, 75.4, 145.98035714285714, 230, 0, 2, True, 1425246196.77968)
(0, -10, 75.4, 145.98035714285714, 230, 0, 2, True, 1425246196.88224)
(0, -10, 75.4, 145.98035714285714, 230, 0, 2, True, 1425246196.984319)
(0, -10, 75.4, 145.98035714285714, 230, 0, 2, True, 1425246197.088634)
(0, -10, 75.3, 54.89134615384615, 230, 0, 2, True, 1425246206.565774)
(0, -10, 75.3, 54.89134615384615, 230, 0, 2, True, 1425246206.668029)
(0, -10, 75.3, 54.89134615384615, 230, 0, 2, True, 1425246206.76983)
(0, -10, 75.3, 54.89134615384615, 230, 0, 2, True, 1425246206.871397)
(0, -10, 75.3, 54.89134615384615, 230, 0, 2, True, 1425246206.972701)
(0, -10, 75.3, 54.89134615384615, 230, 0, 2, True, 1425246207.075579)
(0, -10, 75.3, 54.89134615384615, 230, 0, 2, True, 1425246207.178433)
(0, -10, 75.3, 54.89134615384615, 230, 0, 2, True, 1425246207.280484)
(0, -10, 75.3, 54.89134615384615, 230, 0, 2, True, 1425246207.382528)
(0, -10, 75.3, 54.89134615384615, 230, 0, 2, True, 1425246207.484506)
