(0, -10, 0, 316.70194798219575, 230, 0, 2, False, 1425246516.511275)
(0, -10, 0, 316.70194798219575, 230, 0, 2, False, 1425246516.612378)
(0, -10, 0, 316.70194798219575, 230, 0, 2, False, 1425246516.713274)
(0, -10, 0, 316.70194798219575, 230, 0, 2, False, 1425246516.815582)
(0, -10, 0, 316.70194798219575, 230, 0, 2, False, 1425246516.916615)
(0, -10, 0, 316.70194798219575, 230, 0, 2, False, 1425246517.018744)
(0, -10, 0, 316.70194798219575, 230, 0, 2, False, 1425246517.125207)
(0, -10, 0, 316.70194798219575, 230, 0, 2, False, 1425246517.227131)
(0, -10, 0, 316.70194798219575, 230, 0, 2, False, 1425246517.329446)
(0, -10, 0, 316.70194798219575, 230, 0, 2, False, 1425246517.43142)
(0, -10, 0, 316.70194798219575, 230, 0, 2, False, 1425246517.543378)
(0, -10, 0, 316.70194798219575, 230, 0, 2, False, 1425246517.645505)
(0, -10, 0, 316.70194798219575, 230, 0, 2, False, 1425246517.747399)
(0, -10, 0, 316.70194798219575, 230, 0, 2, False, 1425246517.84961)
(0, -10, 0, 316.70194798219575, 230, 0, 2, False, 1425246517.952729)
(0, -10, 0, 316.70194798219575, 230, 0, 2, False, 1425246518.056906)
(0, -10, 0, 316.70194798219575, 230, 0, 2, False, 1425246518.161597)
(0, -10, 0, 316.70194798219575, 230, 0, 2, False, 1425246518.263928)
(0, -10, 0, 316.70194798219575, 230, 0, 2, False, 1425246518.365913)
(0, -10, 0, 316.70194798219575, 230, 0, 2, False, 1425246518.467685)
(0, -10, 0, 316.70194798219575, 230, 0, 2, False, 1425246518.580749)
(0, -10, 0, 316.70194798219575, 230, 0, 2, False, 1425246518.682861)
(0, -10, 0, 316.70194798219575, 230, 0, 2, True, 1425246518.785332)
