(0, -10, 0, 316.70194798219575, 230, 0, 2, False, 1425246654.610317)
(0, -10, 0, 316.70194798219575, 230, 0, 2, False, 1425246654.711543)
(0, -10, 0, 316.70194798219575, 230, 0, 2, False, 1425246654.812363)
(0, -10, 0, 316.70194798219575, 230, 0, 2, False, 1425246654.914665)
(0, -10, 0, 316.70194798219575, 230, 0, 2, False, 1425246655.019199)
(0, -10, 0, 316.70194798219575, 230, 0, 2, False, 1425246655.121525)
(0, -10, 0, 316.70194798219575, 230, 0, 2, False, 1425246655.223242)
(0, -10, 0, 316.70194798219575, 230, 0, 2, False, 1425246655.325045)
(0, -10, 0, 316.70194798219575, 230, 0, 2, False, 1425246655.42709)
(0, -10, 0, 316.70194798219575, 230, 0, 2, False, 1425246655.528887)
(0, -10, 0, 316.70194798219575, 230, 0, 2, False, 1425246655.645827)
(0, -10, 0, 316.70194798219575, 230, 0, 2, False, 1425246655.748559)
(0, -10, 0, 316.70194798219575, 230, 0, 2, False, 1425246655.85043)
(0, -10, 0, 316.70194798219575, 230, 0, 2, False, 1425246655.954098)
(0, -10, 0, 316.70194798219575, 230, 0, 2, False, 1425246656.055829)
(0, -10, 0, 316.70194798219575, 230, 0, 2, False, 1425246656.159606)
(0, -10, 0, 316.70194798219575, 230, 0, 2, False, 1425246656.26455)
(0, -10, 0, 316.70194798219575, 230, 0, 2, False, 1425246656.36631)
(0, -10, 0, 316.70194798219575, 230, 0, 2, False, 1425246656.468021)
(0, -10, 0, 316.70194798219575, 230, 0, 2, False, 1425246656.569894)
(0, -10, 0, 316.70194798219575, 230, 0, 2, False, 1425246656.686132)
(0, -10, 0, 316.70194798219575, 230, 0, 2, True, 1425246656.788359)
(0, -10, 0, 316.70194798219575, 230, 0, 2, True, 1425246656.890411)
(0, -10, 0, 316.70194798219575, 230, 0, 2, True, 1425246656.992765)
