(0, -10, 75.3, 15.065625000000011, 230, 0, 2, True, 1425245898.882353)
(0, -10, 75.3, 15.065625000000011, 230, 0, 2, True, 1425245898.985808)
(0, -10, 75.3, 15.065625000000011, 230, 0, 2, True, 1425245899.08912)
(0, -10, 75.3, 15.065625000000011, 230, 0, 2, True, 1425245899.19136)
(0, -10, 75.3, 15.065625000000011, 230, 0, 2, True, 1425245899.296114)
(0, -10, 75.3, 15.065625000000011, 230, 0, 2, True, 1425245899.400716)
(0, -10, 75.3, 15.065625000000011, 230, 0, 2, True, 1425245899.502701)
(0, -10, 75.3, 15.065625000000011, 230, 0, 2, True, 1425245899.604598)
(0, -10, 75.3, 15.065625000000011, 230, 0, 2, True, 1425245899.710435)
(0, -10, 75.3, 15.065625000000011, 230, 0, 2, True, 1425245899.819182)
(0, -10, 75.3, 15.12142857142858, 230, 0, 2, True, 1425245903.055706)
(0, -10, 75.3, 15.12142857142858, 230, 0, 2, True, 1425245903.157677)
(0, -10, 75.3, 15.12142857142858, 230, 0, 2, True, 1425245903.259453)
(0, -10, 75.3, 15.12142857142858, 230, 0, 2, True, 1425245903.364511)
(0, -10, 75.3, 15.12142857142858, 230, 0, 2, True, 1425245903.466861)
(0, -10, 75.3, 15.12142857142858, 230, 0, 2, True, 1425245903.571194)
(0, -10, 75.3, 15.12142857142858, 230, 0, 2, True, 1425245903.673101)
(0, -10, 75.3, 15.12142857142858, 230, 0, 2, True, 1425245903.779699)
(0, -10, 75.3, 15.12142857142858, 230, 0, 2, True, 1425245903.881601)
(0, -10, 75.3, 15.12142857142858, 230, 0, 2, True, 1425245903.985602)
(0, -10, 75.4, 15.27500000000002, 230, 0, 2, True, 1425245907.310039)
(0, -10, 75.4, 15.27500000000002, 230, 0, 2, True, 1425245907.411755)
(0, -10, 75.3, 15.175000000000011, 230, 0, 2, True, 1425245907.51417)
(0, -10, 75.3, 15.175000000000011, 230, 0, 2, True, 1425245907.616474)
(0, -10, 75.3, 15.175000000000011, 230, 0, 2, True, 1425245907.718909)
(0, -10, 75.3, 15.175000000000011, 230, 0, 2, True, 1425245907.822981)
(0, -10, 75.3, 15.175000000000011, 230, 0, 2, True, 1425245907.924576)
(0, -10, 75.3, 15.175000000000011, 230, 0, 2, True, 1425245908.028156)
(0, -10, 75.3, 15.175000000000011, 230, 0, 2, True, 1425245908.132919)
(0, -10, 75.3, 15.175000000000011, 230, 0, 2, True, 1425245908.235608)
(0, -10, 75.4, 17.051119402985094, 230, 0, 2, True, 1425245911.353599)
(0, -10, 75.4, 17.051119402985094, 230, 0, 2, True, 1425245911.456214)
(0, -10, 75.4, 17.051119402985094, 230, 0, 2, True, 1425245911.55876)
(0, -10, 75.4, 17.051119402985094, 230, 0, 2, True, 1425245911.660735)
(0, -10, 75.4, 17.051119402985094, 230, 0, 2, True, 1425245911.763122)
(0, -10, 75.4, 17.051119402985094, 230, 0, 2, True, 1425245911.867088)
(0, -10, 75.4, 17.051119402985094, 230, 0, 2, True, 1425245911.968751)
(0, -10, 75.4, 17.051119402985094, 230, 0, 2, True, 1425245912.072592)
(0, -10, 75.4, 17.051119402985094, 230, 0, 2, True, 1425245912.174453)
(0, -10, 75.4, 17.051119402985094, 230, 0, 2, True, 1425245912.276764)
(0, -10, 75.3, 15.241406250000011, 230, 0, 2, True, 1425245915.519718)
(0, -10, 75.3, 15.241406250000011, 230, 0, 2, True, 1425245915.621305)
(0, -10, 75.3, 15.241406250000011, 230, 0, 2, True, 1425245915.723358)
(0, -10, 75.3, 15.241406250000011, 230, 0, 2, True, 1425245915.82475)
(0, -10, 75.3, 15.241406250000011, 230, 0, 2, True, 1425245915.931054)
(0, -10, 75.3, 15.241406250000011, 230, 0, 2, True, 1425245916.03521)
(0, -10, 75.3, 15.241406250000011, 230, 0, 2, True, 1425245916.137952)
(0, -10, 75.3, 15.241406250000011, 230, 0, 2, True, 1425245916.239979)
(0, -10, 75.3, 15.241406250000011, 230, 0, 2, True, 1425245916.347816)
(0, -10, 75.3, 15.241406250000011, 230, 0, 2, True, 1425245916.449947)
(0, -10, 75.3, 39.49642857142858, 230, 0, 2, True, 1425245920.094741)
(0, -10, 75.3, 39.49642857142858, 230, 0, 2, True, 1425245920.196937)
(0, -10, 75.3, 39.49642857142858, 230, 0, 2, True, 1425245920.299088)
(0, -10, 75.3, 39.49642857142858, 230, 0, 2, True, 1425245920.405343)
(0, -10, 75.3, 39.49642857142858, 230, 0, 2, True, 1425245920.507831)
(0, -10, 75.3, 39.49642857142858, 230, 0, 2, True, 1425245920.610842)
(0, -10, 75.3, 39.49642857142858, 230, 0, 2, True, 1425245920.713151)
(0, -10, 75.3, 39.49642857142858, 230, 0, 2, True, 1425245920.815105)
(0, 