(0, -10, 0, 316.7042307813872, 230, 0, 0, False, 1425244423.410537)
(0, -10, 321.9, 316.7042307813872, 230, 0, 0, False, 1425244423.511427)
(0, -10, 321.9, 316.7042307813872, 230, 0, 0, False, 1425244423.614749)
(0, -10, 321.9, 316.7042307813872, 230, 0, 0, False, 1425244423.715728)
(0, -10, 321.9, 316.7042307813872, 271.49999999223996, 1.23, 0, False, 1425244423.816852)
(0, -10, 321.9, 316.7042307813872, 271.49999999223996, 1.23, 0, False, 1425244423.918396)
(0, -10, 321.9, 316.7042307813872, 271.49999999223996, 1.23, 0, False, 1425244424.02018)
(0, -10, 321.9, 316.7042307813872, 271.49999999223996, 1.23, 0, False, 1425244424.122098)
(0, -10, 321.9, 316.7042307813872, 271.49999999223996, 1.23, 0, False, 1425244424.223984)
(0, -10, 321.9, 316.7042307813872, 271.49999999223996, 1.23, 0, False, 1425244424.329027)
(0, -10, 321.9, 316.7042307813872, 271.49999999223996, 1.23, 0, True, 1425244424.44155)
(44.222393333333336, -76.48576333333334, 321.9, 154.9052691077493, 271.49999999223996, 1.23, 0, False, 1425244424.543712)
(44.222393333333336, -76.48576333333334, 321.9, 154.9052691077493, 271.49999999223996, 1.23, 0, False, 1425244424.648487)
(44.222393333333336, -76.48576333333334, 321.9, 154.9052691077493, 271.49999999223996, 1.23, 0, False, 1425244424.753558)
(44.222393333333336, -76.48576333333334, 321.9, 154.9052691077493, 271.49999999223996, 1.23, 0, False, 1425244424.85661)
(44.222393333333336, -76.48576333333334, 321.9, 154.9052691077493, 271.49999999223996, 1.23, 0, False, 1425244424.959106)
(44.222393333333336, -76.48576333333334, 321.9, 154.9052691077493, 271.49999999223996, 1.23, 0, False, 1425244425.061077)
(44.222393333333336, -76.48576333333334, 321.9, 154.9052691077493, 271.49999999223996, 1.23, 0, False, 1425244425.165487)
(44.222393333333336, -76.48576333333334, 319.7, 154.9052691077493, 271.49999999223996, 1.23, 0, False, 1425244425.267638)
(44.222393333333336, -76.48576333333334, 319.7, 154.9052691077493, 271.49999999223996, 1.23, 0, False, 1425244425.369855)
(44.222393333333336, -76.48576333333334, 319.7, 154.9052691077493, 271.49999999223996, 1.23, 0, False, 1425244425.482431)
(44.222393333333336, -76.48576333333334, 319.7, 154.9052691077493, 270.68228148357093, 1.7608284290423872, 0, False, 1425244425.584868)
(44.222393333333336, -76.48576333333334, 319.7, 154.9052691077493, 270.68228148357093, 1.7608284290423872, 0, False, 1425244425.689573)
(44.222393333333336, -76.48576333333334, 319.7, 154.9052691077493, 270.68228148357093, 1.7608284290423872, 0, False, 1425244425.792065)
(44.222393333333336, -76.48576333333334, 319.7, 154.9052691077493, 270.68228148357093, 1.7608284290423872, 0, False, 1425244425.894159)
(44.222393333333336, -76.48576333333334, 319.7, 154.9052691077493, 270.68228148357093, 1.7608284290423872, 0, False, 1425244426.003807)
(44.222393333333336, -76.48576333333334, 319.7, 154.9052691077493, 270.68228148357093, 1.7608284290423872, 0, False, 1425244426.1059)
(44.222393333333336, -76.48576333333334, 319.7, 154.9052691077493, 268.87756630652984, 2.6414340753957184, 0, False, 1425244426.208192)
(44.222393333333336, -76.48576333333334, 319.7, 154.9052691077493, 268.87756630652984, 2.6414340753957184, 0, False, 1425244426.31015)
(44.222393333333336, -76.48576333333334, 319.7, 154.9052691077493, 268.87756630652984, 2.6414340753957184, 0, False, 1425244426.412012)
(44.222393333333336, -76.48576333333334, 319.7, 154.9052691077493, 268.87756630652984, 2.6414340753957184, 0, False, 1425244426.526143)
(44.222393333333336, -76.48576333333334, 320.3, 154.9052691077493, 268.87756630652984, 2.6414340753957184, 0, False, 1425244426.628455)
(44.222393333333336, -76.48576333333334, 320.3, 154.9052691077493, 268.87756630652984, 2.6414340753957184, 0, False, 1425244426.730863)
(44.222393333333336, -76.48576333333334, 320.3, 154.9052691077493, 268.87756630652984, 2.6414340753957184, 0, False, 1425244426.836978)
(44.222393333333336, -76.48576333333334, 320.3, 154.9052691077493, 268.19770221048583, 3.108682662430812, 0, False, 1425244426.938985)
(44.222393333333336, -76.48576333333334, 320.3, 154.9052691077493, 268.19770221048583, 3.108682662430812, 0, False, 1425244427.042887)
(44.222393333333336, -76.48576333333334, 320.3, 154.9052691077493, 268.19770221048583, 3.108682662430812, 0, False, 1425244427.145789)
(44.222393333333336, -76.48576333333334, 320.3, 154.9052691077493, 268.19770221048583, 3.108682662430812, 0, False, 1425244427.24846)
(44.222393333333336, -76.48576333333334, 320.3, 154.9052691077493, 268.19770221048583, 3.108682662430812, 0, False, 1425244427.350694)
(44.222393333333336, -76.48576333333334, 320.3, 154.9052691077493, 268.19770221048583, 3.108682662430812, 0, False, 1425244427.453008)
(44.222393333333336, -76.48576333333334, 320.3, 154.9052691077493, 268.19770221048583, 3.108682662430812, 0, False, 1425244427.570118)
(44.222393333333336, -76.48576333333334, 321.2, 154.9052691077493, 268.19770221048583, 3.108682662430812, 0, False, 1425244427.672912)
(44.222393333333336, -76.48576333333334, 321.2, 154.9052691077493, 268.19770221048583, 3.108682662430812, 0, False, 1425244427.774947)
(44.222393333333336, -76.48576333333334, 321.2, 154.9052691077493, 268.19770221048583, 3.108682662430812, 0, False, 1425244427.877336)
(44.222393333333336, -76.48576333333334, 321.2, 154.9052691077493, 272.2645670200775, 3.421111371255856, 0, False, 1425244427.979508)
(44.222393333333336, -76.48576333333334, 321.2, 154.9052691077493, 272.2645670200775, 3.421111371255856, 0, False, 1425244428.081705)
(44.222393333333336, -76.48576333333334, 321.2, 154.9052691077493, 272.2645670200775, 3.421111371255856, 0, False, 1425244428.18395)
(44.222393333333336, -76.48576333333334, 323.3, 154.9052691077493, 272.2645670200775, 3.421111371255856, 0, False, 1425244428.286168)
(44.222393333333336, -76.48576333333334, 323.3, 154.9052691077493, 272.2645670200775, 3.421111371255856, 0, False, 1425244428.387912)
(44.222393333333336, -76.48576333333334, 323.3, 154.9052691077493, 272.2645670200775, 3.421111371255856, 0, False, 1425244428.491978)
(44.222393333333336, -76.48576333333334, 323.3, 154.9052691077493, 272.2645670200775, 3.421111371255856, 0, False, 1425244428.614618)
(44.222393333333336, -76.48576333333334, 323.3, 154.9052691077493, 267.77658007179787, 3.8756837754954896, 0, False, 1425244428.716725)
(44.222393333333336, -76.48576333333334, 323.3, 154.9052691077493, 267.77658007179787, 3.8756837754954896, 0, False, 1425244428.819876)
(44.222393333333336, -76.48576333333334, 323.3, 154.9052691077493, 267.77658007179787, 3.8756837754954896, 0, False, 1425244428.922253)
(44.222393333333336, -76.48576333333334, 323.3, 154.9052691077493, 263.5436058147196, 4.0709716603241635, 0, False, 1425244429.024509)
(44.222393333333336, -76.48576333333334, 323.3, 154.9052691077493, 263.5436058147196, 4.0709716603241635, 0, False, 1425244429.126736)
(44.222393333333336, -76.48576333333334, 323.3, 154.9052691077493, 263.5436058147196, 4.0709716603241635, 0, False, 1425244429.229235)
(44.222393333333336, -76.48576333333334, 323.3, 154.9052691077493, 263.5436058147196, 4.0709716603241635, 0, False, 1425244429.331433)
(44.222393333333336, -76.48576333333334, 323.3, 154.9052691077493, 263.5436058147196, 4.0709716603241635, 0, False, 1425244429.433431)
(44.222393333333336, -76.48576333333334, 323.3, 154.9052691077493, 263.5436058147196, 4.0709716603241635, 0, False, 1425244429.53562)
(44.222393333333336, -76.48576333333334, 323.3, 154.9052691077493, 263.5436058147196, 4.0709716603241635, 0, False, 1425244429.678708)
(44.222393333333336, -76.48576333333334, 319.6, 154.9052691077493, 263.5436058147196, 4.0709716603241635, 0, False, 1425244429.780953)
(44.222393333333336, -76.48576333333334, 319.6, 154.9052691077493, 263.5436058147196, 4.0709716603241635, 0, False, 1425244429.882948)
(44.222393333333336, -76.48576333333334, 319.6, 154.9052691077493, 263.5436058147196, 4.0709716603241635, 0, False, 1425244429.985051)
(44.222393333333336, -76.48576333333334, 319.6, 154.9052691077493, 263.7224595350511, 4.199636970272677, 0, False, 1425244430.087232)
(44.222393333333336, -76.48576333333334, 319.6, 154.9052691077493, 263.7224595350511, 4.199636970272677, 0, False, 1425244430.189315)
(44.222393333333336, -76.48576333333334, 319.6, 154.9052691077493, 263.7224595350511, 4.199636970272677, 0, False, 1425244430.292681)
(44.222393333333336, -76.48576333333334, 319.6, 154.9052691077493, 263.7224595350511, 4.199636970272677, 0, False, 1425244430.395283)
(44.222393333333336, -76.48576333333334, 319.6, 154.9052691077493, 263.7224595350511, 4.199636970272677, 0, False, 1425244430.49718)
(44.222393333333336, -76.48576333333334, 319.6, 154.9052691077493, 263.7224595350511, 4.199636970272677, 0, False, 1425244430.602612)
(44.222393333333336, -76.48576333333334, 319.6, 154.9052691077493, 263.7224595350511, 4.199636970272677, 0, False, 1425244430.718178)
(44.222393333333336, -76.48576333333334, 319.6, 154.9052691077493, 263.7224595350511, 4.199636970272677, 0, False, 1425244430.820895)
(44.222393333333336, -76.48576333333334, 319.6, 154.9052691077493, 263.7224595350511, 4.199636970272677, 0, False, 1425244430.923118)
(44.222393333333336, -76.48576333333334, 319.6, 154.9052691077493, 263.7224595350511, 4.199636970272677, 0, False, 1425244431.024874)
(44.222393333333336, -76.48576333333334, 318.5, 154.9052691077493, 263.7224595350511, 4.199636970272677, 0, False, 1425244431.126902)
(44.222393333333336, -76.48576333333334, 318.5, 154.9052691077493, 263.7224595350511, 4.199636970272677, 0, False, 1425244431.230606)
(44.222393333333336, -76.48576333333334, 318.5, 154.9052691077493, 263.7224595350511, 4.199636970272677, 0, False, 1425244431.333035)
(44.222393333333336, -76.48576333333334, 318.5, 154.9052691077493, 263.7224595350511, 4.199636970272677, 0, False, 1425244431.435248)
(44.22239166666667, -76.48576333333334, 318.5, 154.84866548844423, 266.30083275105557, 4.3104184183349, 0, False, 1425244431.537513)
(44.22239166666667, -76.48576333333334, 318.5, 154.84866548844423, 266.30083275105557, 4.3104184183349, 0, False, 1425244431.642072)
(44.22239166666667, -76.48576333333334, 318.5, 154.84866548844423, 266.30083275105557, 4.3104184183349, 0, False, 1425244431.758587)
(44.22239166666667, -76.48576333333334, 318.5, 154.84866548844423, 266.30083275105557, 4.3104184183349, 0, False, 1425244431.861011)
(44.22239166666667, -76.48576333333334, 318.5, 154.84866548844423, 266.30083275105557, 4.3104184183349, 0, False, 1425244431.963685)
(44.22239166666667, -76.48576333333334, 318.5, 154.84866548844423, 266.30083275105557, 4.3104184183349, 0, False, 1425244432.065586)
(44.22239166666667, -76.48576333333334, 318.5, 154.84866548844423, 269.23145415288747, 4.6862492350824, 0, False, 1425244432.167601)
(44.22239166666667, -76.48576333333334, 318.5, 154.84866548844423, 269.23145415288747, 4.6862492350824, 0, False, 1425244432.269668)
(44.22239166666667, -76.48576333333334, 318.5, 154.84866548844423, 269.23145415288747, 4.6862492350824, 0, False, 1425244432.374119)
(44.22239166666667, -76.48576333333334, 318.5, 154.84866548844423, 269.23145415288747, 4.6862492350824, 0, False, 1425244432.476312)
(44.22239166666667, -76.48576333333334, 318.5, 154.84866548844423, 269.23145415288747, 4.6862492350824, 0, False, 1425244432.578284)
(44.22239166666667, -76.48576333333334, 318.5, 154.84866548844423, 269.23145415288747, 4.6862492350824, 0, False, 1425244432.680377)
(44.22239166666667, -76.48576333333334, 318.5, 154.84866548844423, 269.23145415288747, 4.6862492350824, 0, False, 1425244432.793767)
(44.22239166666667, -76.48576333333334, 322.9, 154.84866548844423, 268.96952510868516, 5.11027874105974, 0, False, 1425244432.895715)
(44.22239166666667, -76.48576333333334, 322.9, 154.84866548844423, 268.96952510868516, 5.11027874105974, 0, False, 1425244433.001327)
(44.22239166666667, -76.48576333333334, 322.9, 154.84866548844423, 268.96952510868516, 5.11027874105974, 0, False, 1425244433.109563)
(44.22239166666667, -76.48576333333334, 322.9, 154.84866548844423, 268.96952510868516, 5.11027874105974, 0, False, 1425244433.211854)
(44.22239166666667, -76.48576333333334, 322.9, 154.84866548844423, 268.96952510868516, 5.11027874105974, 0, False, 1425244433.314007)
(44.22239166666667, -76.48576333333334, 322.9, 154.84866548844423, 268.96952510868516, 5.11027874105974, 0, False, 1425244433.418406)
(44.22239166666667, -76.485765, 322.9, 154.76214963904545, 268.96952510868516, 5.11027874105974, 0, False, 1425244433.521049)
(44.22239166666667, -76.485765, 322.9, 154.76214963904545, 268.96952510868516, 5.11027874105974, 0, False, 1425244433.623661)
(44.22239166666667, -76.485765, 322.9, 154.76214963904545, 268.96952510868516, 5.11027874105974, 0, False, 1425244433.726473)
(44.22239166666667, -76.485765, 322.9, 154.76214963904545, 268.96952510868516, 5.11027874105974, 0, False, 1425244433.839264)
(44.22239166666667, -76.485765, 322.9, 154.76214963904545, 268.96952510868516, 5.11027874105974, 0, False, 1425244433.942461)
(44.22239166666667, -76.485765, 322.9, 154.76214963904545, 268.96952510868516, 5.11027874105974, 0, False, 1425244434.044235)
(44.22239166666667, -76.485765, 322.9, 154.76214963904545, 268.96952510868516, 5.11027874105974, 0, False, 1425244434.145956)
(44.22239166666667, -76.485765, 321.3, 154.76214963904545, 268.96952510868516, 5.11027874105974, 0, False, 1425244434.248229)
(44.22239166666667, -76.485765, 321.3, 154.76214963904545, 268.96952510868516, 5.11027874105974, 0, False, 1425244434.353385)
(44.22239166666667, -76.485765, 321.3, 154.76214963904545, 268.96952510868516, 5.11027874105974, 0, False, 1425244434.45569)
(44.22239166666667, -76.485765, 321.3, 154.76214963904545, 263.22380557594255, 4.673065982883824, 0, False, 1425244434.557803)
(44.22239166666667, -76.485765, 321.3, 154.76214963904545, 263.22380557594255, 4.673065982883824, 0, False, 1425244434.660057)
(44.22239166666667, -76.485765, 321.3, 154.76214963904545, 263.22380557594255, 4.673065982883824, 0, False, 1425244434.765232)
(44.22239166666667, -76.485765, 321.3, 154.76214963904545, 263.22380557594255, 4.673065982883824, 0, False, 1425244434.88097)
(44.22239166666667, -76.485765, 321.3, 154.76214963904545, 255.27592176577429, 4.286154826419097, 0, False, 1425244434.983152)
(44.22239166666667, -76.485765, 321.3, 154.76214963904545, 255.27592176577429, 4.286154826419097, 0, False, 1425244435.087407)
(44.22239166666667, -76.485765, 321.3, 154.76214963904545, 255.27592176577429, 4.286154826419097, 0, False, 1425244435.189637)
(44.22239166666667, -76.485765, 321.3, 154.76214963904545, 255.27592176577429, 4.286154826419097, 0, False, 1425244435.291856)
(44.22239166666667, -76.485765, 321.3, 154.76214963904545, 255.27592176577429, 4.286154826419097, 0, False, 1425244435.40083)
(44.22239166666667, -76.485765, 321.3, 154.76214963904545, 255.27592176577429, 4.286154826419097, 0, False, 1425244435.502763)
(44.22239166666667, -76.485765, 321.3, 154.76214963904545, 255.27592176577429, 4.286154826419097, 0, False, 1425244435.604852)
(44.22239166666667, -76.485765, 318.0, 154.76214963904545, 255.27592176577429, 4.286154826419097, 0, False, 1425244435.706803)
(44.22239166666667, -76.485765, 318.0, 154.76214963904545, 255.27592176577429, 4.286154826419097, 0, False, 1425244435.808735)
(44.22239166666667, -76.485765, 318.0, 154.76214963904545, 255.27592176577429, 4.286154826419097, 0, False, 1425244435.923591)
(44.22239166666667, -76.485765, 318.0, 154.76214963904545, 259.3392663354142, 4.3259212143891626, 0, False, 1425244436.026425)
(44.22239166666667, -76.485765, 318.0, 154.76214963904545, 259.3392663354142, 4.3259212143891626, 0, False, 1425244436.128393)
(44.22239166666667, -76.485765, 318.0, 154.76214963904545, 259.3392663354142, 4.3259212143891626, 0, False, 1425244436.23042)
(44.22239166666667, -76.485765, 318.0, 154.76214963904545, 259.3392663354142, 4.3259212143891626, 0, False, 1425244436.332577)
(44.22239166666667, -76.485765, 318.0, 154.76214963904545, 259.3392663354142, 4.3259212143891626, 0, False, 1425244436.436859)
(44.22239166666667, -76.485765, 318.0, 154.76214963904545, 259.3392663354142, 4.3259212143891626, 0, False, 1425244436.538661)
(44.22239166666667, -76.485765, 318.0, 154.76214963904545, 259.3392663354142, 4.3259212143891626, 0, False, 1425244436.64103)
(44.22239166666667, -76.485765, 318.0, 154.76214963904545, 259.3392663354142, 4.3259212143891626, 0, False, 1425244436.743028)
(44.22239166666667, -76.485765, 318.0, 154.76214963904545, 259.3392663354142, 4.3259212143891626, 0, False, 1425244436.845291)
(44.22239166666667, -76.485765, 318.0, 154.76214963904545, 259.3392663354142, 4.3259212143891626, 0, False, 1425244436.959151)
(44.22239166666667, -76.485765, 318.0, 154.76214963904545, 259.3392663354142, 4.3259212143891626, 0, False, 1425244437.062045)
(44.22239166666667, -76.485765, 318.0, 154.76214963904545, 259.3392663354142, 4.3259212143891626, 0, False, 1425244437.167813)
(44.22239166666667, -76.485765, 318.0, 154.76214963904545, 259.3392663354142, 4.3259212143891626, 0, False, 1425244437.270062)
(44.222393333333336, -76.48576333333334, 319.3, 154.9052691077493, 259.3392663354142, 4.3259212143891626, 0, False, 1425244437.372086)
(44.222393333333336, -76.48576333333334, 319.3, 154.9052691077493, 259.3392663354142, 4.3259212143891626, 0, False, 1425244437.478233)
(44.222393333333336, -76.48576333333334, 319.3, 154.9052691077493, 259.3392663354142, 4.3259212143891626, 0, False, 1425244437.582046)
(44.222393333333336, -76.48576333333334, 319.3, 154.9052691077493, 261.43310360735677, 4.582194849680963, 0, False, 1425244437.684559)
(44.222393333333336, -76.48576333333334, 319.3, 154.9052691077493, 261.43310360735677, 4.582194849680963, 0, False, 1425244437.786419)
(44.222393333333336, -76.48576333333334, 319.3, 154.9052691077493, 261.43310360735677, 4.582194849680963, 0, False, 1425244437.89224)
(44.222393333333336, -76.48576333333334, 319.3, 154.9052691077493, 261.43310360735677, 4.582194849680963, 0, False, 1425244438.008312)
(44.222393333333336, -76.48576333333334, 319.3, 154.9052691077493, 261.05757561050416, 4.797328516334191, 0, False, 1425244438.110504)
(44.222393333333336, -76.48576333333334, 319.3, 154.9052691077493, 261.05757561050416, 4.797328516334191, 0, False, 1425244438.21591)
(44.222393333333336, -76.48576333333334, 319.3, 154.9052691077493, 261.05757561050416, 4.797328516334191, 0, False, 1425244438.317949)
(44.222393333333336, -76.48576333333334, 319.3, 154.9052691077493, 261.05757561050416, 4.797328516334191, 0, False, 1425244438.420612)
(44.222393333333336, -76.48576333333334, 319.3, 154.9052691077493, 261.05757561050416, 4.797328516334191, 0, False, 1425244438.522573)
(44.222393333333336, -76.48576333333334, 319.3, 154.9052691077493, 261.05757561050416, 4.797328516334191, 0, False, 1425244438.62856)
(44.222393333333336, -76.48576333333334, 320.9, 154.9052691077493, 261.05757561050416, 4.797328516334191, 0, False, 1425244438.73102)
(44.222393333333336, -76.48576333333334, 320.9, 154.9052691077493, 261.05757561050416, 4.797328516334191, 0, False, 1425244438.837484)
(44.222393333333336, -76.48576333333334, 320.9, 154.9052691077493, 261.05757561050416, 4.797328516334191, 0, False, 1425244438.939432)
(44.222393333333336, -76.48576333333334, 320.9, 154.9052691077493, 261.05757561050416, 4.797328516334191, 0, False, 1425244439.053309)
(44.222393333333336, -76.48576333333334, 320.9, 154.9052691077493, 263.8622738864113, 5.146591462819493, 0, False, 1425244439.155576)
(44.222393333333336, -76.48576333333334, 320.9, 154.9052691077493, 263.8622738864113, 5.146591462819493, 0, False, 1425244439.257733)
(44.222393333333336, -76.48576333333334, 320.9, 154.9052691077493, 263.8622738864113, 5.146591462819493, 0, False, 1425244439.364046)
(44.222393333333336, -76.48576333333334, 320.9, 154.9052691077493, 263.8622738864113, 5.146591462819493, 0, False, 1425244439.465941)
(44.222393333333336, -76.48576333333334, 320.9, 154.9052691077493, 263.8622738864113, 5.146591462819493, 0, False, 1425244439.567858)
(44.222393333333336, -76.48576333333334, 320.9, 154.9052691077493, 263.8622738864113, 5.146591462819493, 0, False, 1425244439.671072)
(44.222393333333336, -76.48576333333334, 320.9, 154.9052691077493, 263.8622738864113, 5.146591462819493, 0, False, 1425244439.778135)
(44.222393333333336, -76.48576333333334, 320.9, 154.9052691077493, 263.8622738864113, 5.146591462819493, 0, False, 1425244439.88007)
(44.222393333333336, -76.48576333333334, 320.9, 154.9052691077493, 263.8622738864113, 5.146591462819493, 0, False, 1425244439.982005)
(44.222393333333336, -76.48576333333334, 320.9, 154.9052691077493, 263.8622738864113, 5.146591462819493, 0, False, 1425244440.096032)
(44.222393333333336, -76.48576333333334, 322.7, 154.9052691077493, 263.8622738864113, 5.146591462819493, 0, False, 1425244440.198045)
(44.222393333333336, -76.48576333333334, 322.7, 154.9052691077493, 263.8622738864113, 5.146591462819493, 0, False, 1425244440.300786)
(44.222393333333336, -76.48576333333334, 322.7, 154.9052691077493, 263.8622738864113, 5.146591462819493, 0, False, 1425244440.403025)
(44.222393333333336, -76.48576333333334, 322.7, 154.9052691077493, 268.81111332612875, 5.301204203395064, 0, False, 1425244440.50526)
(44.222393333333336, -76.48576333333334, 322.7, 154.9052691077493, 268.81111332612875, 5.301204203395064, 0, False, 1425244440.607335)
(44.222393333333336, -76.48576333333334, 322.7, 154.9052691077493, 268.81111332612875, 5.301204203395064, 0, False, 1425244440.709618)
(44.222393333333336, -76.48576333333334, 322.7, 154.9052691077493, 268.81111332612875, 5.301204203395064, 0, False, 1425244440.811704)
(44.222393333333336, -76.48576333333334, 322.7, 154.9052691077493, 268.81111332612875, 5.301204203395064, 0, False, 1425244440.913636)
(44.222393333333336, -76.48576333333334, 322.7, 154.9052691077493, 268.81111332612875, 5.301204203395064, 0, False, 1425244441.018453)
(44.222393333333336, -76.48576333333334, 322.7, 154.9052691077493, 268.81111332612875, 5.301204203395064, 0, False, 1425244441.129396)
(44.222393333333336, -76.48576333333334, 322.7, 154.9052691077493, 269.7440499070444, 5.119055885768542, 0, False, 1425244441.231625)
(44.222393333333336, -76.48576333333334, 322.7, 154.9052691077493, 269.7440499070444, 5.119055885768542, 0, False, 1425244441.337813)
(44.222393333333336, -76.48576333333334, 322.7, 154.9052691077493, 269.7440499070444, 5.119055885768542, 0, False, 1425244441.439945)
(44.222393333333336, -76.48576333333334, 322.7, 154.9052691077493, 269.7440499070444, 5.119055885768542, 0, False, 1425244441.542565)
(44.222393333333336, -76.48576333333334, 318.7, 154.9052691077493, 269.7440499070444, 5.119055885768542, 0, False, 1425244441.644562)
(44.222393333333336, -76.48576333333334, 318.7, 154.9052691077493, 269.7440499070444, 5.119055885768542, 0, False, 1425244441.749593)
(44.222393333333336, -76.48576333333334, 318.7, 154.9052691077493, 269.7440499070444, 5.119055885768542, 0, False, 1425244441.851962)
(44.222393333333336, -76.48576333333334, 318.7, 154.9052691077493, 268.2788978250219, 4.7786647163556, 0, False, 1425244441.953918)
(44.222393333333336, -76.48576333333334, 318.7, 154.9052691077493, 268.2788978250219, 4.7786647163556, 0, False, 1425244442.056376)
(44.222393333333336, -76.48576333333334, 318.7, 154.9052691077493, 268.2788978250219, 4.7786647163556, 0, False, 1425244442.169881)
(44.222393333333336, -76.48576333333334, 318.7, 154.9052691077493, 268.2788978250219, 4.7786647163556, 0, False, 1425244442.272609)
(44.222393333333336, -76.48576333333334, 318.7, 154.9052691077493, 268.2788978250219, 4.7786647163556, 0, False, 1425244442.374353)
(44.222393333333336, -76.48576333333334, 318.7, 154.9052691077493, 268.2788978250219, 4.7786647163556, 0, False, 1425244442.479462)
(44.222393333333336, -76.48576333333334, 318.7, 154.9052691077493, 268.2788978250219, 4.7786647163556, 0, False, 1425244442.581583)
(44.222393333333336, -76.48576333333334, 318.7, 154.9052691077493, 268.2788978250219, 4.7786647163556, 0, False, 1425244442.683664)
(44.222393333333336, -76.48576333333334, 318.7, 154.9052691077493, 268.2788978250219, 4.7786647163556, 0, False, 1425244442.786032)
(44.222393333333336, -76.48576333333334, 318.7, 154.9052691077493, 268.2788978250219, 4.7786647163556, 0, False, 1425244442.88909)
(44.222393333333336, -76.48576333333334, 318.7, 154.9052691077493, 268.2788978250219, 4.7786647163556, 0, False, 1425244442.991253)
(44.222393333333336, -76.48576333333334, 318.7, 154.9052691077493, 268.2788978250219, 4.7786647163556, 0, False, 1425244443.097134)
(44.222393333333336, -76.48576333333334, 318.7, 154.9052691077493, 268.2788978250219, 4.7786647163556, 0, False, 1425244443.209413)
(44.222393333333336, -76.48576166666666, 321.8, 154.991765271777, 268.2788978250219, 4.7786647163556, 0, False, 1425244443.312957)
(44.222393333333336, -76.48576166666666, 321.8, 154.991765271777, 268.2788978250219, 4.7786647163556, 0, False, 1425244443.417456)
(44.222393333333336, -76.48576166666666, 321.8, 154.991765271777, 268.2788978250219, 4.7786647163556, 0, False, 1425244443.524315)
(44.222393333333336, -76.48576166666666, 321.8, 154.991765271777, 268.7993733802929, 5.084661943410888, 0, False, 1425244443.626364)
(44.222393333333336, -76.48576166666666, 321.8, 154.991765271777, 268.7993733802929, 5.084661943410888, 0, False, 1425244443.733614)
(44.222393333333336, -76.48576166666666, 321.8, 154.991765271777, 268.7993733802929, 5.084661943410888, 0, False, 1425244443.835859)
(44.222393333333336, -76.48576166666666, 321.8, 154.991765271777, 268.7993733802929, 5.084661943410888, 0, False, 1425244443.938727)
(44.222393333333336, -76.48576166666666, 321.8, 154.991765271777, 268.8717812059486, 5.56925548519043, 0, False, 1425244444.040735)
(44.222393333333336, -76.48576166666666, 321.8, 154.991765271777, 268.8717812059486, 5.56925548519043, 0, False, 1425244444.143673)
(44.222393333333336, -76.48576166666666, 321.8, 154.991765271777, 268.8717812059486, 5.56925548519043, 0, False, 1425244444.259496)
(44.222393333333336, -76.48576166666666, 321.8, 154.991765271777, 268.8717812059486, 5.56925548519043, 0, False, 1425244444.362223)
(44.222393333333336, -76.48576166666666, 321.8, 154.991765271777, 268.8717812059486, 5.56925548519043, 0, False, 1425244444.468442)
(44.222393333333336, -76.48576166666666, 321.8, 154.991765271777, 268.8717812059486, 5.56925548519043, 0, False, 1425244444.570697)
(44.222393333333336, -76.48576166666666, 321.8, 154.991765271777, 268.8717812059486, 5.56925548519043, 0, False, 1425244444.675098)
(44.222393333333336, -76.48576166666666, 321.6, 154.991765271777, 268.8717812059486, 5.56925548519043, 0, False, 1425244444.779657)
(44.222393333333336, -76.48576166666666, 321.6, 154.991765271777, 268.8717812059486, 5.56925548519043, 0, False, 1425244444.881956)
(44.222393333333336, -76.48576166666666, 321.6, 154.991765271777, 268.8717812059486, 5.56925548519043, 0, False, 1425244444.985917)
(44.222393333333336, -76.48576166666666, 321.6, 154.991765271777, 269.24804825042565, 6.1482491176577545, 0, False, 1425244445.08801)
(44.222393333333336, -76.48576166666666, 321.6, 154.991765271777, 269.24804825042565, 6.1482491176577545, 0, False, 1425244445.190511)
(44.222393333333336, -76.48576166666666, 321.6, 154.991765271777, 269.24804825042565, 6.1482491176577545, 0, False, 1425244445.307156)
(44.222393333333336, -76.48576166666666, 321.6, 154.991765271777, 269.24804825042565, 6.1482491176577545, 0, False, 1425244445.409834)
(44.222393333333336, -76.48576166666666, 321.6, 154.991765271777, 269.24804825042565, 6.1482491176577545, 0, False, 1425244445.512068)
(44.222393333333336, -76.48576166666666, 321.6, 154.991765271777, 269.24804825042565, 6.1482491176577545, 0, False, 1425244445.613978)
(44.222393333333336, -76.48576166666666, 321.6, 154.991765271777, 269.24804825042565, 6.1482491176577545, 0, False, 1425244445.716077)
(44.222393333333336, -76.48576166666666, 321.6, 154.991765271777, 269.24804825042565, 6.1482491176577545, 0, False, 1425244445.818007)
(44.222393333333336, -76.48576166666666, 321.6, 154.991765271777, 269.24804825042565, 6.1482491176577545, 0, False, 1425244445.920333)
(44.222393333333336, -76.48576166666666, 321.6, 154.991765271777, 269.24804825042565, 6.1482491176577545, 0, False, 1425244446.022868)
(44.222393333333336, -76.48576166666666, 320.3, 154.991765271777, 269.24804825042565, 6.1482491176577545, 0, False, 1425244446.124659)
(44.222393333333336, -76.48576166666666, 320.3, 154.991765271777, 269.24804825042565, 6.1482491176577545, 0, False, 1425244446.229718)
(44.222393333333336, -76.48576166666666, 320.3, 154.991765271777, 269.24804825042565, 6.1482491176577545, 0, False, 1425244446.345394)
(44.222393333333336, -76.48576166666666, 320.3, 154.991765271777, 268.6248243183354, 6.49301940275401, 0, False, 1425244446.448144)
(44.222393333333336, -76.48576166666666, 320.3, 154.991765271777, 268.6248243183354, 6.49301940275401, 0, False, 1425244446.550646)
(44.222393333333336, -76.48576166666666, 320.3, 154.991765271777, 268.6248243183354, 6.49301940275401, 0, False, 1425244446.656128)
(44.222393333333336, -76.48576166666666, 320.3, 154.991765271777, 268.6248243183354, 6.49301940275401, 0, False, 1425244446.758716)
(44.222393333333336, -76.48576166666666, 320.3, 154.991765271777, 268.6248243183354, 6.49301940275401, 0, False, 1425244446.860528)
(44.222393333333336, -76.48576166666666, 320.3, 154.991765271777, 268.6248243183354, 6.49301940275401, 0, False, 1425244446.96227)
(44.222393333333336, -76.48576166666666, 320.3, 154.991765271777, 268.6248243183354, 6.49301940275401, 0, False, 1425244447.065851)
(44.222393333333336, -76.48576166666666, 320.3, 154.991765271777, 268.3641639999163, 6.6449647464972745, 0, False, 1425244447.16775)
(44.222393333333336, -76.48576166666666, 320.3, 154.991765271777, 268.3641639999163, 6.6449647464972745, 0, False, 1425244447.273821)
(44.222393333333336, -76.48576166666666, 320.3, 154.991765271777, 268.3641639999163, 6.6449647464972745, 0, False, 1425244447.389624)
(44.222393333333336, -76.48576166666666, 320.3, 154.991765271777, 268.3641639999163, 6.6449647464972745, 0, False, 1425244447.491611)
(44.222393333333336, -76.48576166666666, 320.3, 154.991765271777, 268.3641639999163, 6.6449647464972745, 0, False, 1425244447.593551)
(44.222393333333336, -76.48576166666666, 320.3, 154.991765271777, 268.3641639999163, 6.6449647464972745, 0, False, 1425244447.695823)
(44.222393333333336, -76.48576166666666, 320.4, 154.991765271777, 268.0532502920739, 6.571240918044813, 0, False, 1425244447.798375)
(44.222393333333336, -76.48576166666666, 320.4, 154.991765271777, 268.0532502920739, 6.571240918044813, 0, False, 1425244447.900415)
(44.222393333333336, -76.48576166666666, 320.4, 154.991765271777, 268.0532502920739, 6.571240918044813, 0, False, 1425244448.003596)
(44.222393333333336, -76.48576166666666, 320.4, 154.991765271777, 268.0532502920739, 6.571240918044813, 0, False, 1425244448.109334)
(44.222393333333336, -76.48576166666666, 320.4, 154.991765271777, 267.5313027420023, 6.549227510932368, 0, False, 1425244448.211557)
(44.222393333333336, -76.48576166666666, 320.4, 154.991765271777, 267.5313027420023, 6.549227510932368, 0, False, 1425244448.317192)
(44.222393333333336, -76.48576166666666, 320.4, 154.991765271777, 267.5313027420023, 6.549227510932368, 0, False, 1425244448.432757)
(44.222395, -76.48576166666666, 320.4, 155.04798881587294, 267.5313027420023, 6.549227510932368, 0, False, 1425244448.535677)
(44.222395, -76.48576166666666, 320.4, 155.04798881587294, 267.5313027420023, 6.549227510932368, 0, False, 1425244448.638572)
(44.222395, -76.48576166666666, 320.4, 155.04798881587294, 267.5313027420023, 6.549227510932368, 0, False, 1425244448.740831)
(44.222395, -76.48576166666666, 320.4, 155.04798881587294, 267.5313027420023, 6.549227510932368, 0, False, 1425244448.843181)
(44.222395, -76.48576166666666, 320.4, 155.04798881587294, 267.5313027420023, 6.549227510932368, 0, False, 1425244448.945061)
(44.222395, -76.48576166666666, 320.4, 155.04798881587294, 267.5313027420023, 6.549227510932368, 0, False, 1425244449.047646)
(44.222395, -76.48576166666666, 320.4, 155.04798881587294, 267.5313027420023, 6.549227510932368, 0, False, 1425244449.149703)
(44.222395, -76.48576166666666, 323.3, 155.04798881587294, 267.5313027420023, 6.549227510932368, 0, False, 1425244449.251829)
(44.222395, -76.48576166666666, 323.3, 155.04798881587294, 267.5313027420023, 6.549227510932368, 0, False, 1425244449.356861)
(44.222395, -76.48576166666666, 323.3, 155.04798881587294, 267.5313027420023, 6.549227510932368, 0, False, 1425244449.472395)
(44.222395, -76.48576166666666, 323.3, 155.04798881587294, 262.8588870696623, 5.866543974922471, 0, False, 1425244449.575072)
(44.222395, -76.48576166666666, 323.3, 155.04798881587294, 262.8588870696623, 5.866543974922471, 0, False, 1425244449.680507)
(44.222395, -76.48576166666666, 323.3, 155.04798881587294, 262.8588870696623, 5.866543974922471, 0, False, 1425244449.786523)
(44.222395, -76.48576166666666, 323.3, 155.04798881587294, 262.8588870696623, 5.866543974922471, 0, False, 1425244449.891331)
(44.222395, -76.48576166666666, 323.3, 155.04798881587294, 260.41829577570377, 5.168604142722737, 0, False, 1425244449.995271)
(44.222395, -76.48576166666666, 323.3, 155.04798881587294, 260.41829577570377, 5.168604142722737, 0, False, 1425244450.097343)
(44.222395, -76.48576166666666, 323.3, 155.04798881587294, 260.41829577570377, 5.168604142722737, 0, False, 1425244450.203607)
(44.222395, -76.48576166666666, 323.3, 155.04798881587294, 260.41829577570377, 5.168604142722737, 0, False, 1425244450.305658)
(44.222395, -76.48576166666666, 323.3, 155.04798881587294, 260.41829577570377, 5.168604142722737, 0, False, 1425244450.407802)
(44.222395, -76.48576166666666, 323.3, 155.04798881587294, 260.41829577570377, 5.168604142722737, 0, False, 1425244450.523989)
(44.222395, -76.48576166666666, 320.7, 155.04798881587294, 260.41829577570377, 5.168604142722737, 0, False, 1425244450.626092)
(44.222395, -76.48576166666666, 320.7, 155.04798881587294, 260.41829577570377, 5.168604142722737, 0, False, 1425244450.735072)
(44.222395, -76.48576166666666, 320.7, 155.04798881587294, 260.41829577570377, 5.168604142722737, 0, False, 1425244450.837138)
(44.222395, -76.48576166666666, 320.7, 155.04798881587294, 260.41829577570377, 5.168604142722737, 0, False, 1425244450.93991)
(44.222395, -76.48576166666666, 320.7, 155.04798881587294, 262.5215089729363, 5.10969712131892, 0, False, 1425244451.042049)
(44.222395, -76.48576166666666, 320.7, 155.04798881587294, 262.5215089729363, 5.10969712131892, 0, False, 1425244451.145584)
(44.222395, -76.48576166666666, 320.7, 155.04798881587294, 262.5215089729363, 5.10969712131892, 0, False, 1425244451.247326)
(44.222395, -76.48576166666666, 320.7, 155.04798881587294, 262.5215089729363, 5.10969712131892, 0, False, 1425244451.349216)
(44.222395, -76.48576166666666, 320.7, 155.04798881587294, 262.5215089729363, 5.10969712131892, 0, False, 1425244451.451248)
(44.222395, -76.48576166666666, 320.7, 155.04798881587294, 262.5215089729363, 5.10969712131892, 0, False, 1425244451.564271)
(44.222395, -76.48576166666666, 320.7, 155.04798881587294, 262.5215089729363, 5.10969712131892, 0, False, 1425244451.666382)
(44.222395, -76.48576166666666, 320.7, 155.04798881587294, 262.5215089729363, 5.10969712131892, 0, False, 1425244451.76985)
(44.222395, -76.48576166666666, 320.7, 155.04798881587294, 262.5215089729363, 5.10969712131892, 0, False, 1425244451.871812)
(44.222395, -76.48576166666666, 320.7, 155.04798881587294, 262.5215089729363, 5.10969712131892, 0, False, 1425244451.973907)
(44.222395, -76.48576166666666, 320.7, 155.04798881587294, 262.5215089729363, 5.10969712131892, 0, False, 1425244452.075757)
(44.222395, -76.48576166666666, 320.7, 155.04798881587294, 262.5215089729363, 5.10969712131892, 0, False, 1425244452.178686)
(44.222395, -76.48576166666666, 320.7, 155.04798881587294, 262.5215089729363, 5.10969712131892, 0, False, 1425244452.280547)
(44.222395, -76.48576, 319.5, 155.13446399097143, 262.5215089729363, 5.10969712131892, 0, False, 1425244452.382364)
(44.222395, -76.48576, 319.5, 155.13446399097143, 262.5215089729363, 5.10969712131892, 0, False, 1425244452.488223)
(44.222395, -76.48576, 319.5, 155.13446399097143, 262.5215089729363, 5.10969712131892, 0, False, 1425244452.605966)
(44.222395, -76.48576, 319.5, 155.13446399097143, 269.961989085538, 5.223890230618785, 0, False, 1425244452.707952)
(44.222395, -76.48576, 319.5, 155.13446399097143, 269.961989085538, 5.223890230618785, 0, False, 1425244452.810281)
(44.222395, -76.48576, 319.5, 155.13446399097143, 269.961989085538, 5.223890230618785, 0, False, 1425244452.912707)
(44.222395, -76.48576, 319.5, 155.13446399097143, 269.961989085538, 5.223890230618785, 0, False, 1425244453.015074)
(44.222395, -76.48576, 319.5, 155.13446399097143, 278.8189041714462, 4.672843046353005, 0, False, 1425244453.116875)
(44.222395, -76.48576, 319.5, 155.13446399097143, 278.8189041714462, 4.672843046353005, 0, False, 1425244453.219368)
(44.222395, -76.48576, 319.5, 155.13446399097143, 278.8189041714462, 4.672843046353005, 0, False, 1425244453.323776)
(44.222395, -76.48576, 319.5, 155.13446399097143, 278.8189041714462, 4.672843046353005, 0, False, 1425244453.425941)
(44.222395, -76.48576, 319.5, 155.13446399097143, 278.8189041714462, 4.672843046353005, 0, False, 1425244453.530252)
(44.222395, -76.48576, 319.5, 155.13446399097143, 278.8189041714462, 4.672843046353005, 0, False, 1425244453.647013)
(44.222395, -76.48576, 317.5, 155.13446399097143, 278.8189041714462, 4.672843046353005, 0, False, 1425244453.749892)
