(0, -10, 75.3, 85.99711538461538, 230, 0, 2, True, 1425245763.514098)
(0, -10, 75.3, 85.99711538461538, 230, 0, 2, True, 1425245763.618148)
(0, -10, 75.3, 85.99711538461538, 230, 0, 2, True, 1425245763.720117)
(0, -10, 75.3, 85.99711538461538, 230, 0, 2, True, 1425245763.821926)
(0, -10, 75.3, 85.99711538461538, 230, 0, 2, True, 1425245763.929094)
(0, -10, 75.3, 85.99711538461538, 230, 0, 2, True, 1425245764.038497)
(0, -10, 75.3, 85.99711538461538, 230, 0, 2, True, 1425245764.140201)
(0, -10, 75.3, 85.99711538461538, 230, 0, 2, True, 1425245764.245005)
(0, -10, 75.3, 85.99711538461538, 230, 0, 2, True, 1425245764.346739)
(0, -10, 75.3, 85.99711538461538, 230, 0, 2, True, 1425245764.448322)
(0, -10, 75.3, 86.02544642857143, 230, 0, 2, True, 1425245769.223917)
(0, -10, 75.3, 86.02544642857143, 230, 0, 2, True, 1425245769.328642)
(0, -10, 75.3, 86.02544642857143, 230, 0, 2, True, 1425245769.43105)
(0, -10, 75.3, 86.02544642857143, 230, 0, 2, True, 1425245769.533273)
(0, -10, 75.3, 86.02544642857143, 230, 0, 2, True, 1425245769.639189)
(0, -10, 75.3, 86.02544642857143, 230, 0, 2, True, 1425245769.742849)
(0, -10, 75.3, 86.02544642857143, 230, 0, 2, True, 1425245769.847248)
(0, -10, 75.3, 86.02544642857143, 230, 0, 2, True, 1425245769.953787)
(0, -10, 75.3, 86.02544642857143, 230, 0, 2, True, 1425245770.059548)
(0, -10, 75.3, 86.02544642857143, 230, 0, 2, True, 1425245770.161922)
