(0, -10, 75.4, 23.56964285714288, 230, 0, 2, True, 1425246358.01457)
(0, -10, 75.4, 23.56964285714288, 230, 0, 2, True, 1425246358.116344)
(0, -10, 75.3, 23.469642857142873, 230, 0, 2, True, 1425246358.218912)
(0, -10, 75.5, 23.669642857142875, 230, 0, 2, True, 1425246358.321184)
(0, -10, 75.5, 23.669642857142875, 230, 0, 2, True, 1425246358.42369)
(0, -10, 75.5, 23.669642857142875, 230, 0, 2, True, 1425246358.53058)
(0, -10, 75.5, 23.669642857142875, 230, 0, 2, True, 1425246358.63386)
(0, -10, 75.5, 23.669642857142875, 230, 0, 2, True, 1425246358.736247)
(0, -10, 75.5, 23.669642857142875, 230, 0, 2, True, 1425246358.83843)
(0, -10, 75.5, 23.669642857142875, 230, 0, 2, True, 1425246358.9427)
(0, -10, 75.4, 61.38817567567569, 230, 0, 2, True, 1425246364.897078)
(0, -10, 75.4, 61.38817567567569, 230, 0, 2, True, 1425246365.00144)
(0, -10, 75.5, 61.488175675675684, 230, 0, 2, True, 1425246365.103049)
(0, -10, 75.5, 61.488175675675684, 230, 0, 2, True, 1425246365.204711)
(0, -10, 75.5, 61.488175675675684, 230, 0, 2, True, 1425246365.307674)
(0, -10, 75.5, 61.488175675675684, 230, 0, 2, True, 1425246365.412572)
(0, -10, 75.5, 61.488175675675684, 230, 0, 2, True, 1425246365.514476)
(0, -10, 75.5, 61.488175675675684, 230, 0, 2, True, 1425246365.61671)
(0, -10, 75.5, 61.488175675675684, 230, 0, 2, True, 1425246365.723071)
(0, -10, 75.5, 61.488175675675684, 230, 0, 2, True, 1425246365.825475)
(0, -10, 75.4, 126.9625, 230, 0, 2, True, 1425246371.545431)
(0, -10, 75.4, 126.9625, 230, 0, 2, True, 1425246371.648052)
(0, -10, 75.5, 127.0625, 230, 0, 2, True, 1425246371.75013)
(0, -10, 75.5, 127.0625, 230, 0, 2, True, 1425246371.852592)
(0, -10, 75.5, 127.0625, 230, 0, 2, True, 1425246371.954228)
(0, -10, 75.5, 127.0625, 230, 0, 2, True, 1425246372.057857)
(0, -10, 75.5, 127.0625, 230, 0, 2, True, 1425246372.159702)
(0, -10, 75.5, 127.0625, 230, 0, 2, True, 1425246372.264864)
(0, -10, 75.5, 127.0625, 230, 0, 2, True, 1425246372.369679)
(0, -10, 75.5, 127.0625, 230, 0, 2, True, 1425246372.471822)
(0, -10, 75.5, 135.8125, 230, 0, 2, True, 1425246378.224074)
(0, -10, 75.5, 135.8125, 230, 0, 2, True, 1425246378.33093)
(0, -10, 75.5, 135.8125, 230, 0, 2, True, 1425246378.43249)
(0, -10, 75.5, 135.8125, 230, 0, 2, True, 1425246378.534715)
(0, -10, 75.5, 135.8125, 230, 0, 2, True, 1425246378.638011)
(0, -10, 75.5, 135.8125, 230, 0, 2, True, 1425246378.742724)
(0, -10, 75.5, 135.8125, 230, 0, 2, True, 1425246378.844664)
(0, -10, 75.5, 135.8125, 230, 0, 2, True, 1425246378.950109)
(0, -10, 75.5, 135.8125, 230, 0, 2, True, 1425246379.05155)
(0, -10, 75.5, 135.8125, 230, 0, 2, True, 1425246379.153736)
(0, -10, 75.5, 86.75, 230, 0, 2, True, 1425246384.980679)
(0, -10, 75.4, 86.65, 230, 0, 2, True, 1425246385.082229)
(0, -10, 75.4, 86.65, 230, 0, 2, True, 1425246385.183716)
(0, -10, 75.4, 86.65, 230, 0, 2, True, 1425246385.285924)
(0, -10, 75.4, 86.65, 230, 0, 2, True, 1425246385.387655)
(0, -10, 75.4, 86.65, 230, 0, 2, True, 1425246385.491254)
(0, -10, 75.4, 86.65, 230, 0, 2, True, 1425246385.593095)
(0, -10, 75.4, 86.65, 230, 0, 2, True, 1425246385.696936)
(0, -10, 75.4, 86.65, 230, 0, 2, True, 1425246385.799656)
(0, -10, 75.5, 86.75, 230, 0, 2, True, 1425246385.901565)
(0, -10, 75.5, 100.14285714285714, 230, 0, 2, True, 1425246391.692702)
(0, -10, 75.5, 100.14285714285714, 230, 0, 2, True, 1425246391.795439)
(0, -10, 75.4, 100.04285714285714, 230, 0, 2, True, 1425246391.897919)
(0, -10, 75.4, 100.04285714285714, 230, 0, 2, True, 1425246391.99952)
(0, -10, 75.4, 100.04285714285714, 230, 0, 2, True, 1425246392.101165)
(0, -10, 75.4, 100.04285714285714, 230, 0, 2, True, 1425246392.205833)
(0, -10, 75.4, 100.04285714285714, 230, 0, 2, True, 1425246392.307945)
(0, -10, 75.4, 100.04285714285714, 230, 0, 2, True, 1425246392.410692)
(0, -10, 75.4, 100.04285714285714, 230, 0, 2, True, 1425246392.513377)
(0, -10, 75.4, 100.04285714285714, 230, 0, 2, True, 1425246392.620137)
(0, -10, 75.4, 67.41858108108109, 230, 0, 2, True, 1425246398.750603)
(0, -10, 75.4, 67.41858108108109, 230, 0, 2, True, 1425246398.852518)
(0, -10, 75.5, 67.51858108108108, 230, 0, 2, True, 1425246398.954339)
(0, -10, 75.5, 67.51858108108108, 230, 0, 2, True, 1425246399.056757)
(0, -10, 75.5, 67.51858108108108, 230, 0, 2, True, 1425246399.158401)
(0, -10, 75.5, 67.51858108108108, 230, 0, 2, True, 1425246399.262138)
(0, -10, 75.5, 67.51858108108108, 230, 0, 2, True, 1425246399.363691)
(0, -10, 75.5, 67.51858108108108, 230, 0, 2, True, 1425246399.465449)
(0, -10, 75.5, 67.51858108108108, 230, 0, 2, True, 1425246399.570838)
(0, -10, 75.5, 67.51858108108108, 230, 0, 2, True, 1425246399.674332)
(0, -10, 75.4, 350.9168269230769, 230, 0, 2, True, 1425246405.206249)
(0, -10, 75.4, 350.9168269230769, 230, 0, 2, True, 1425246405.3093)
(0, -10, 75.4, 350.9168269230769, 230, 0, 2, True, 1425246405.414175)
(0, -10, 75.4, 350.9168269230769, 230, 0, 2, True, 1425246405.517006)
(0, -10, 75.4, 350.9168269230769, 230, 0, 2, True, 1425246405.619983)
(0, -10, 75.4, 350.9168269230769, 230, 0, 2, True, 1425246405.723387)
(0, -10, 75.4, 350.9168269230769, 230, 0, 2, True, 1425246405.824981)
(0, -10, 75.4, 350.9168269230769, 230, 0, 2, True, 1425246405.926734)
(0, -10, 75.4, 350.9168269230769, 230, 0, 2, True, 1425246406.028393)
(0, -10, 75.4, 350.9168269230769, 230, 0, 2, True, 1425246406.130085)
(0, -10, 75.5, 351.25520833333337, 230, 0, 2, True, 1425246411.79056)
(0, -10, 75.5, 351.25520833333337, 230, 0, 2, True, 1425246411.892591)
(0, -10, 75.5, 351.25520833333337, 230, 0, 2, True, 1425246411.996607)
(0, -10, 75.5, 351.25520833333337, 230, 0, 2, True, 1425246412.100995)
(0, -10, 75.5, 351.25520833333337, 230, 0, 2, True, 1425246412.203419)
(0, -10, 75.5, 351.25520833333337, 230, 0, 2, True, 1425246412.30723)
(0, -10, 75.5, 351.25520833333337, 230, 0, 2, True, 1425246412.411668)
(0, -10, 75.5, 351.25520833333337, 230, 0, 2, True, 1425246412.513146)
(0, -10, 75.5, 351.25520833333337, 230, 0, 2, True, 1425246412.614938)
(0, -10, 75.5, 351.25520833333337, 230, 0, 2, True, 1425246412.72233)
