(0, -10, 0, 316.70194798219575, 230, 0, 2, False, 1425243340.770281)
(0, -10, 0, 316.70194798219575, 230, 0, 2, False, 1425243340.873704)
(0, -10, 0, 316.70194798219575, 230, 0, 2, False, 1425243340.977559)
(0, -10, 0, 316.70194798219575, 230, 0, 2, False, 1425243341.08079)
(0, -10, 0, 316.70194798219575, 230, 0, 2, False, 1425243341.183988)
(0, -10, 0, 316.70194798219575, 230, 0, 2, False, 1425243341.286761)
(0, -10, 0, 316.70194798219575, 230, 0, 2, False, 1425243341.389815)
(0, -10, 0, 316.70194798219575, 230, 0, 2, False, 1425243341.493193)
(0, -10, 0, 316.70194798219575, 230, 0, 2, False, 1425243341.596226)
(0, -10, 0, 316.70194798219575, 230, 0, 2, False, 1425243341.698964)
