(0, -10, 0, 316.7048347771676, 230, 0, 0, False, 1425243424.384914)
(0, -10, 0, 316.7048347771676, 230, 0, 0, True, 1425243424.485858)
(0, -10, 0, 316.7048347771676, 230, 0, 0, True, 1425243424.586549)
(0, -10, 0, 316.7048347771676, 230, 0, 0, True, 1425243424.692196)
(0, -10, 0, 316.7048347771676, 230, 0, 0, True, 1425243424.793608)
(0, -10, 0, 316.7048347771676, 230, 0, 0, True, 1425243424.895938)
(0, -10, 0, 316.7048347771676, 230, 0, 0, True, 1425243424.999197)
(0, -10, 0, 316.7048347771676, 230, 0, 0, True, 1425243425.101178)
(0, -10, 0, 316.7048347771676, 230, 0, 0, True, 1425243425.205618)
(0, -10, 0, 316.7048347771676, 230, 0, 0, True, 1425243425.307497)
(0, -10, 0, 316.7048347771676, 230, 0, 0, True, 1425243425.417555)
(0, -10, 0, 316.7048347771676, 230, 0, 0, True, 1425243425.519433)
(0, -10, 0, 316.7048347771676, 230, 0, 0, True, 1425243425.624961)
(0, -10, 0, 316.7048347771676, 230, 0, 0, True, 1425243425.727065)
(0, -10, 0, 316.7048347771676, 230, 0, 0, True, 1425243425.831043)
(0, -10, 0, 316.7048347771676, 230, 0, 0, True, 1425243425.934821)
(0, -10, 0, 316.7048347771676, 230, 0, 0, True, 1425243426.03778)
(0, -10, 0, 316.7048347771676, 230, 0, 0, True, 1425243426.139821)
(0, -10, 0, 316.7048347771676, 230, 0, 0, True, 1425243426.243276)
(0, -10, 0, 316.7048347771676, 230, 0, 0, True, 1425243426.345204)
(0, -10, 0, 316.7048347771676, 230, 0, 0, True, 1425243426.45799)
(0, -10, 0, 316.7048347771676, 230, 0, 0, True, 1425243426.559916)
(0, -10, 0, 316.7048347771676, 230, 0, 0, True, 1425243426.661882)
(0, -10, 0, 316.7048347771676, 230, 0, 0, True, 1425243426.763848)
(0, -10, 0, 316.7048347771676, 230, 0, 0, True, 1425243426.866362)
(0, -10, 0, 316.7048347771676, 230, 0, 0, True, 1425243426.970009)
