(0, -10, 108.1, 108.1, 230, 0, 2, True, 1425244691.818108)
(0, -10, 108.1, 108.1, 230, 0, 2, True, 1425244691.920942)
(0, -10, 108.1, 108.1, 230, 0, 2, True, 1425244692.02269)
(0, -10, 108.1, 108.1, 230, 0, 2, True, 1425244692.124554)
(0, -10, 108.1, 108.1, 230, 0, 2, True, 1425244692.226565)
(0, -10, 108.1, 108.1, 230, 0, 2, True, 1425244692.331098)
(0, -10, 108.1, 108.1, 230, 0, 2, True, 1425244692.434845)
(0, -10, 108.1, 108.1, 230, 0, 2, True, 1425244692.536569)
(0, -10, 108.2, 108.2, 230, 0, 2, True, 1425244692.639192)
(0, -10, 108.2, 108.2, 230, 0, 2, True, 1425244692.741187)
