(0, -10, 0, 316.70194798219575, 230, 0, 2, False, 1425246163.028336)
(0, -10, 0, 316.70194798219575, 230, 0, 2, False, 1425246163.129416)
(0, -10, 0, 316.70194798219575, 230, 0, 2, False, 1425246163.230243)
(0, -10, 0, 316.70194798219575, 230, 0, 2, False, 1425246163.332507)
(0, -10, 0, 316.70194798219575, 230, 0, 2, False, 1425246163.437715)
(0, -10, 0, 316.70194798219575, 230, 0, 2, False, 1425246163.542044)
(0, -10, 0, 316.70194798219575, 230, 0, 2, False, 1425246163.646749)
(0, -10, 0, 316.70194798219575, 230, 0, 2, False, 1425246163.748544)
(0, -10, 0, 316.70194798219575, 230, 0, 2, False, 1425246163.850237)
(0, -10, 0, 316.70194798219575, 230, 0, 2, False, 1425246163.951916)
(0, -10, 0, 316.70194798219575, 230, 0, 2, False, 1425246164.062532)
(0, -10, 0, 316.70194798219575, 230, 0, 2, False, 1425246164.164337)
(0, -10, 0, 316.70194798219575, 230, 0, 2, False, 1425246164.268705)
(0, -10, 0, 316.70194798219575, 230, 0, 2, False, 1425246164.370697)
(0, -10, 0, 316.70194798219575, 230, 0, 2, False, 1425246164.472749)
(0, -10, 0, 316.70194798219575, 230, 0, 2, False, 1425246164.574482)
(0, -10, 0, 316.70194798219575, 230, 0, 2, False, 1425246164.676413)
(0, -10, 0, 316.70194798219575, 230, 0, 2, False, 1425246164.778598)
(0, -10, 0, 316.70194798219575, 230, 0, 2, False, 1425246164.880888)
(0, -10, 0, 316.70194798219575, 230, 0, 2, False, 1425246164.982851)
(0, -10, 0, 316.70194798219575, 230, 0, 2, False, 1425246165.092996)
(0, -10, 0, 316.70194798219575, 230, 0, 2, False, 1425246165.196273)
(0, -10, 0, 316.70194798219575, 230, 0, 2, False, 1425246165.297879)
(0, -10, 0, 316.70194798219575, 230, 0, 2, False, 1425246165.399514)
(0, -10, 0, 316.70194798219575, 230, 0, 2, False, 1425246165.501111)
(0, -10, 0, 316.70194798219575, 230, 0, 2, False, 1425246165.60563)
(0, -10, 0, 316.70194798219575, 230, 0, 2, False, 1425246165.707377)
(0, -10, 0, 316.70194798219575, 230, 0, 2, False, 1425246165.813612)
(0, -10, 0, 316.70194798219575, 230, 0, 2, False, 1425246165.915201)
(0, -10, 0, 316.70194798219575, 230, 0, 2, False, 1425246166.016822)
(0, -10, 0, 316.70194798219575, 230, 0, 2, False, 1425246166.125341)
(0, -10, 0, 316.70194798219575, 230, 0, 2, False, 1425246166.228708)
(0, -10, 0, 316.70194798219575, 230, 0, 2, False, 1425246166.330453)
(0, -10, 0, 316.70194798219575, 230, 0, 2, False, 1425246166.435568)
(0, -10, 0, 316.70194798219575, 230, 0, 2, False, 1425246166.541815)
(0, -10, 0, 316.70194798219575, 230, 0, 2, False, 1425246166.645652)
(0, -10, 0, 316.70194798219575, 230, 0, 2, False, 1425246166.748342)
(0, -10, 0, 316.70194798219575, 230, 0, 2, False, 1425246166.850263)
(0, -10, 0, 316.70194798219575, 230, 0, 2, False, 1425246166.95193)
(0, -10, 0, 316.70194798219575, 230, 0, 2, False, 1425246167.053485)
(0, -10, 0, 316.70194798219575, 230, 0, 2, False, 1425246167.165809)
(0, -10, 0, 316.70194798219575, 230, 0, 2, False, 1425246167.267702)
(0, -10, 0, 316.70194798219575, 230, 0, 2, False, 1425246167.371106)
(0, -10, 0, 316.70194798219575, 230, 0, 2, False, 1425246167.472798)
(0, -10, 0, 316.70194798219575, 230, 0, 2, False, 1425246167.57451)
(0, -10, 0, 316.70194798219575, 230, 0, 2, False, 1425246167.676292)
(0, -10, 0, 316.70194798219575, 230, 0, 2, False, 1425246167.780302)
(0, -10, 0, 316.70194798219575, 230, 0, 2, False, 1425246167.882046)
(0, -10, 0, 316.70194798219575, 230, 0, 2, False, 1425246167.983959)
(0, -10, 0, 316.70194798219575, 230, 0, 2, False, 1425246168.089264)
(0, -10, 0, 316.70194798219575, 230, 0, 2, False, 1425246168.199906)
(0, -10, 0, 316.70194798219575, 230, 0, 2, False, 1425246168.30592)
(0, -10, 0, 316.70194798219575, 230, 0, 2, False, 1425246168.407942)
(0, -10, 0, 316.70194798219575, 230, 0, 2, False, 1425246168.509837)
(0, -10, 0, 316.70194798219575, 230, 0, 2, False, 1425246168.611719)
(0, -10, 0, 316.70194798219575, 230, 0, 2, False, 1425246168.715266)
(0, -10, 0, 316.70194798219575, 230, 0, 2, False, 1425246168.816972)
(0, -10, 0, 316.70194798219575, 230, 0, 2, False, 1425246168.921658)
(0, -10, 0, 316.70194798219575, 230, 0, 2, False, 1425246169.023714)
(0, -10, 0, 316.70194798219575, 230, 0, 2, False, 1425246169.125677)
(0, -10, 0, 316.70194798219575, 230, 0, 2, False, 1425246169.234864)
(0, -10, 0, 316.70194798219575, 230, 0, 2, False, 1425246169.339234)
(0, -10, 0, 316.70194798219575, 230, 0, 2, False, 1425246169.441192)
(0, -10, 0, 316.70194798219575, 230, 0, 2, False, 1425246169.545511)
(0, -10, 0, 316.70194798219575, 230, 0, 2, False, 1425246169.657398)
(0, -10, 0, 316.70194798219575, 230, 0, 2, False, 1425246169.764934)
(0, -10, 0, 316.70194798219575, 230, 0, 2, False, 1425246169.867153)
(0, -10, 0, 316.70194798219575, 230, 0, 2, False, 1425246169.970479)
(0, -10, 0, 316.70194798219575, 230, 0, 2, False, 1425246170.072713)
(0, -10, 0, 316.70194798219575, 230, 0, 2, False, 1425246170.17656)
(0, -10, 0, 316.70194798219575, 230, 0, 2, False, 1425246170.285203)
(0, -10, 0, 316.70194798219575, 230, 0, 2, False, 1425246170.387315)
(0, -10, 0, 316.70194798219575, 230, 0, 2, False, 1425246170.489012)
(0, -10, 0, 316.70194798219575, 230, 0, 2, False, 1425246170.593767)
(0, -10, 0, 316.70194798219575, 230, 0, 2, False, 1425246170.695798)
(0, -10, 0, 316.70194798219575, 230, 0, 2, False, 1425246170.79913)
(0, -10, 0, 316.70194798219575, 230, 0, 2, False, 1425246170.900863)
(0, -10, 0, 316.70194798219575, 230, 0, 2, False, 1425246171.002883)
(0, -10, 0, 316.70194798219575, 230, 0, 2, False, 1425246171.104542)
(0, -10, 0, 316.70194798219575, 230, 0, 2, False, 1425246171.209353)
(0, -10, 0, 316.70194798219575, 230, 0, 2, False, 1425246171.329657)
(0, -10, 0, 316.70194798219575, 230, 0, 2, False, 1425246171.432408)
(0, -10, 0, 316.70194798219575, 230, 0, 2, False, 1425246171.534099)
(0, -10, 0, 316.70194798219575, 230, 0, 2, False, 1425246171.63839)
(0, -10, 0, 316.70194798219575, 230, 0, 2, False, 1425246171.740616)
(0, -10, 0, 316.70194798219575, 230, 0, 2, False, 1425246171.844288)
(0, -10, 0, 316.70194798219575, 230, 0, 2, False, 1425246171.94705)
(0, -10, 0, 316.70194798219575, 230, 0, 2, False, 1425246172.050189)
(0, -10, 0, 316.70194798219575, 230, 0, 2, False, 1425246172.15232)
(0, -10, 0, 316.70194798219575, 230, 0, 2, False, 1425246172.256621)
(0, -10, 0, 316.70194798219575, 230, 0, 2, False, 1425246172.364908)
(0, -10, 0, 316.70194798219575, 230, 0, 2, False, 1425246172.467793)
(0, -10, 0, 316.70194798219575, 230, 0, 2, False, 1425246172.569485)
(0, -10, 0, 316.70194798219575, 230, 0, 2, False, 1425246172.672871)
(0, -10, 0, 316.70194798219575, 230, 0, 2, False, 1425246172.774504)
(0, -10, 0, 316.70194798219575, 230, 0, 2, False, 1425246172.879452)
(0, -10, 0, 316.70194798219575, 230, 0, 2, False, 1425246172.981169)
(0, -10, 0, 316.70194798219575, 230, 0, 2, False, 1425246173.08294)
(0, -10, 0, 316.70194798219575, 230, 0, 2, False, 1425246173.184679)
(0, -10, 0, 316.70194798219575, 230, 0, 2, False, 1425246173.288065)
(0, -10, 0, 316.70194798219575, 230, 0, 2, False, 1425246173.397903)
(0, -10, 0, 316.70194798219575, 230, 0, 2, False, 1425246173.50414)
(0, -10, 0, 316.70194798219575, 230, 0, 2, False, 1425246173.605864)
(0, -10, 0, 316.70194798219575, 230, 0, 2, False, 1425246173.707856)
(0, -10, 0, 316.70194798219575, 230, 0, 2, False, 1425246173.80948)
(0, -10, 0, 316.70194798219575, 230, 0, 2, False, 1425246173.914181)
(0, -10, 0, 316.70194798219575, 230, 0, 2, False, 1425246174.016122)
(0, -10, 0, 316.70194798219575, 230, 0, 2, False, 1425246174.118534)
(0, -10, 0, 316.70194798219575, 230, 0, 2, False, 1425246174.220365)
(0, -10, 0, 316.70194798219575, 230, 0, 2, False, 1425246174.322291)
(0, -10, 0, 316.70194798219575, 230, 0, 2, False, 1425246174.436797)
(0, -10, 0, 316.70194798219575, 230, 0, 2, False, 1425246174.539002)
(0, -10, 0, 316.70194798219575, 230, 0, 2, False, 1425246174.642086)
(0, -10, 0, 316.70194798219575, 230, 0, 2, False, 1425246174.744272)
(0, -10, 0, 316.70194798219575, 230, 0, 2, False, 1425246174.846215)
(0, -10, 0, 316.70194798219575, 230, 0, 2, False, 1425246174.949957)
(0, -10, 0, 316.70194798219575, 230, 0, 2, False, 1425246175.051618)
(0, -10, 0, 316.70194798219575, 230, 0, 2, False, 1425246175.15602)
(0, -10, 0, 316.70194798219575, 230, 0, 2, False, 1425246175.257956)
(0, -10, 0, 316.70194798219575, 230, 0, 2, False, 1425246175.361944)
(0, -10, 0, 316.70194798219575, 230, 0, 2, False, 1425246175.483318)
(0, -10, 0, 316.70194798219575, 230, 0, 2, False, 1425246175.585177)
(0, -10, 0, 316.70194798219575, 230, 0, 2, False, 1425246175.68895)
(0, -10, 0, 316.70194798219575, 230, 0, 2, False, 1425246175.790794)
(0, -10, 0, 316.70194798219575, 230, 0, 2, False, 1425246175.892809)
(0, -10, 0, 316.70194798219575, 230, 0, 2, False, 1425246175.994611)
(0, -10, 0, 316.70194798219575, 230, 0, 2, False, 1425246176.100232)
(0, -10, 0, 316.70194798219575, 230, 0, 2, False, 1425246176.20189)
(0, -10, 0, 316.70194798219575, 230, 0, 2, False, 1425246176.305851)
(0, -10, 0, 316.70194798219575, 230, 0, 2, False, 1425246176.407631)
(0, -10, 0, 316.70194798219575, 230, 0, 2, False, 1425246176.517185)
(0, -10, 0, 316.70194798219575, 230, 0, 2, False, 1425246176.619814)
(0, -10, 0, 316.70194798219575, 230, 0, 2, False, 1425246176.721478)
(0, -10, 0, 316.70194798219575, 230, 0, 2, False, 1425246176.823402)
(0, -10, 0, 316.70194798219575, 230, 0, 2, False, 1425246176.925302)
(0, -10, 0, 316.70194798219575, 230, 0, 2, False, 1425246177.027541)
(0, -10, 0, 316.70194798219575, 230, 0, 2, False, 1425246177.129329)
(0, -10, 0, 316.70194798219575, 230, 0, 2, False, 1425246177.231091)
(0, -10, 0, 316.70194798219575, 230, 0, 2, False, 1425246177.336029)
(0, -10, 0, 316.70194798219575, 230, 0, 2, False, 1425246177.437786)
