(0, -10, 75.4, 59.90591216216217, 230, 0, 2, True, 1425245709.685512)
(0, -10, 75.4, 59.90591216216217, 230, 0, 2, True, 1425245709.788042)
(0, -10, 75.4, 59.90591216216217, 230, 0, 2, True, 1425245709.889611)
(0, -10, 75.4, 59.90591216216217, 230, 0, 2, True, 1425245709.990691)
(0, -10, 75.4, 59.90591216216217, 230, 0, 2, True, 1425245710.093449)
(0, -10, 75.4, 59.90591216216217, 230, 0, 2, True, 1425245710.197513)
(0, -10, 75.4, 59.90591216216217, 230, 0, 2, True, 1425245710.299137)
(0, -10, 75.4, 59.90591216216217, 230, 0, 2, True, 1425245710.400708)
(0, -10, 75.4, 59.90591216216217, 230, 0, 2, True, 1425245710.502917)
(0, -10, 75.4, 59.90591216216217, 230, 0, 2, True, 1425245710.605517)
(0, -10, 75.4, 59.81497093023256, 230, 0, 2, True, 1425245714.986581)
(0, -10, 75.4, 59.81497093023256, 230, 0, 2, True, 1425245715.091305)
(0, -10, 75.4, 59.81497093023256, 230, 0, 2, True, 1425245715.193055)
(0, -10, 75.4, 59.81497093023256, 230, 0, 2, True, 1425245715.294935)
(0, -10, 75.4, 59.81497093023256, 230, 0, 2, True, 1425245715.397956)
(0, -10, 75.4, 59.81497093023256, 230, 0, 2, True, 1425245715.501071)
(0, -10, 75.6, 60.01497093023255, 230, 0, 2, True, 1425245715.602659)
(0, -10, 75.6, 60.01497093023255, 230, 0, 2, True, 1425245715.705243)
(0, -10, 75.6, 60.01497093023255, 230, 0, 2, True, 1425245715.807549)
(0, -10, 75.6, 60.01497093023255, 230, 0, 2, True, 1425245715.914669)
(0, -10, 75.5, 60.03125, 230, 0, 2, True, 1425245720.340816)
(0, -10, 75.5, 60.03125, 230, 0, 2, True, 1425245720.443074)
(0, -10, 75.5, 60.03125, 230, 0, 2, True, 1425245720.545587)
(0, -10, 75.5, 60.03125, 230, 0, 2, True, 1425245720.649138)
(0, -10, 75.5, 60.03125, 230, 0, 2, True, 1425245720.750832)
(0, -10, 75.5, 60.03125, 230, 0, 2, True, 1425245720.854708)
(0, -10, 75.5, 60.03125, 230, 0, 2, True, 1425245720.958192)
(0, -10, 75.5, 60.03125, 230, 0, 2, True, 1425245721.060791)
(0, -10, 75.4, 59.931250000000006, 230, 0, 2, True, 1425245721.16277)
(0, -10, 75.4, 59.931250000000006, 230, 0, 2, True, 1425245721.264541)
(0, -10, 75.5, 59.99092741935484, 230, 0, 2, True, 1425245725.53701)
(0, -10, 75.5, 59.99092741935484, 230, 0, 2, True, 1425245725.639046)
(0, -10, 75.5, 59.99092741935484, 230, 0, 2, True, 1425245725.741526)
(0, -10, 75.4, 59.890927419354846, 230, 0, 2, True, 1425245725.843328)
(0, -10, 75.4, 59.890927419354846, 230, 0, 2, True, 1425245725.944789)
(0, -10, 75.4, 59.890927419354846, 230, 0, 2, True, 1425245726.050326)
(0, -10, 75.4, 59.890927419354846, 230, 0, 2, True, 1425245726.153391)
(0, -10, 75.4, 59.890927419354846, 230, 0, 2, True, 1425245726.255276)
(0, -10, 75.4, 59.890927419354846, 230, 0, 2, True, 1425245726.357166)
(0, -10, 75.4, 59.890927419354846, 230, 0, 2, True, 1425245726.459743)
