(0, -10, 86.5, 86.5, 230, 0, 2, True, 1425245133.078705)
(0, -10, 86.5, 86.5, 230, 0, 2, True, 1425245133.180906)
(0, -10, 87.4, 87.4, 230, 0, 2, True, 1425245133.28316)
(0, -10, 87.4, 87.4, 230, 0, 2, True, 1425245133.385381)
(0, -10, 87.4, 87.4, 230, 0, 2, True, 1425245133.486974)
(0, -10, 87.4, 87.4, 230, 0, 2, True, 1425245133.59062)
(0, -10, 87.4, 87.4, 230, 0, 2, True, 1425245133.692371)
(0, -10, 87.4, 87.4, 230, 0, 2, True, 1425245133.793851)
(0, -10, 87.4, 87.4, 230, 0, 2, True, 1425245133.897303)
(0, -10, 87.4, 87.4, 230, 0, 2, True, 1425245133.99959)
