(0, -10, 75.4, 15.269791666666691, 230, 0, 2, True, 1425245978.507123)
(0, -10, 75.4, 15.269791666666691, 230, 0, 2, True, 1425245978.610292)
(0, -10, 75.4, 15.269791666666691, 230, 0, 2, True, 1425245978.712528)
(0, -10, 75.4, 15.269791666666691, 230, 0, 2, True, 1425245978.814806)
(0, -10, 75.4, 15.269791666666691, 230, 0, 2, True, 1425245978.918353)
(0, -10, 75.4, 15.269791666666691, 230, 0, 2, True, 1425245979.025351)
(0, -10, 75.4, 15.269791666666691, 230, 0, 2, True, 1425245979.128196)
(0, -10, 75.4, 15.269791666666691, 230, 0, 2, True, 1425245979.231146)
(0, -10, 75.4, 15.269791666666691, 230, 0, 2, True, 1425245979.333594)
(0, -10, 75.4, 15.269791666666691, 230, 0, 2, True, 1425245979.436357)
(0, -10, 75.4, 15.891071428571436, 230, 0, 2, True, 1425245982.453513)
(0, -10, 75.4, 15.891071428571436, 230, 0, 2, True, 1425245982.555383)
(0, -10, 75.4, 15.891071428571436, 230, 0, 2, True, 1425245982.658608)
(0, -10, 75.4, 15.891071428571436, 230, 0, 2, True, 1425245982.761152)
(0, -10, 75.4, 15.891071428571436, 230, 0, 2, True, 1425245982.86539)
(0, -10, 75.4, 15.891071428571436, 230, 0, 2, True, 1425245982.969407)
(0, -10, 75.4, 15.891071428571436, 230, 0, 2, True, 1425245983.071124)
(0, -10, 75.4, 15.891071428571436, 230, 0, 2, True, 1425245983.179633)
(0, -10, 75.4, 15.891071428571436, 230, 0, 2, True, 1425245983.281639)
(0, -10, 75.4, 15.891071428571436, 230, 0, 2, True, 1425245983.383673)
(0, -10, 75.5, 14.685606060606062, 230, 0, 2, True, 1425245986.507193)
(0, -10, 75.5, 14.685606060606062, 230, 0, 2, True, 1425245986.60996)
(0, -10, 75.5, 14.685606060606062, 230, 0, 2, True, 1425245986.713022)
(0, -10, 75.5, 14.685606060606062, 230, 0, 2, True, 1425245986.816396)
(0, -10, 75.5, 14.685606060606062, 230, 0, 2, True, 1425245986.918106)
(0, -10, 75.5, 14.685606060606062, 230, 0, 2, True, 1425245987.021429)
(0, -10, 75.5, 14.685606060606062, 230, 0, 2, True, 1425245987.124248)
(0, -10, 75.6, 14.785606060606057, 230, 0, 2, True, 1425245987.226799)
(0, -10, 75.6, 14.785606060606057, 230, 0, 2, True, 1425245987.332418)
(0, -10, 75.6, 14.785606060606057, 230, 0, 2, True, 1425245987.434424)
(0, -10, 75.5, 14.250000000000007, 230, 0, 2, True, 1425245990.421534)
(0, -10, 75.5, 14.250000000000007, 230, 0, 2, True, 1425245990.529322)
(0, -10, 75.5, 14.250000000000007, 230, 0, 2, True, 1425245990.631986)
(0, -10, 75.5, 14.250000000000007, 230, 0, 2, True, 1425245990.734081)
(0, -10, 75.5, 14.250000000000007, 230, 0, 2, True, 1425245990.83917)
(0, -10, 75.5, 14.250000000000007, 230, 0, 2, True, 1425245990.944285)
(0, -10, 75.5, 14.250000000000007, 230, 0, 2, True, 1425245991.046558)
(0, -10, 75.5, 14.250000000000007, 230, 0, 2, True, 1425245991.148637)
(0, -10, 75.5, 14.250000000000007, 230, 0, 2, True, 1425245991.254046)
(0, -10, 75.5, 14.250000000000007, 230, 0, 2, True, 1425245991.355939)
(0, -10, 75.4, 14.246153846153831, 230, 0, 2, True, 1425245994.408308)
(0, -10, 75.4, 14.246153846153831, 230, 0, 2, True, 1425245994.512303)
(0, -10, 75.4, 14.246153846153831, 230, 0, 2, True, 1425245994.614604)
(0, -10, 75.4, 14.246153846153831, 230, 0, 2, True, 1425245994.716545)
(0, -10, 75.4, 14.246153846153831, 230, 0, 2, True, 1425245994.821277)
(0, -10, 75.4, 14.246153846153831, 230, 0, 2, True, 1425245994.927699)
(0, -10, 75.4, 14.246153846153831, 230, 0, 2, True, 1425245995.030122)
(0, -10, 75.4, 14.246153846153831, 230, 0, 2, True, 1425245995.131799)
(0, -10, 75.4, 14.246153846153831, 230, 0, 2, True, 1425245995.235189)
(0, -10, 75.4, 14.246153846153831, 230, 0, 2, True, 1425245995.337175)
