(0, -10, 0, 343.11664438502675, 230, 0, 2, True, 1425242966.554101)
(0, -10, 0, 343.11664438502675, 230, 0, 2, True, 1425242966.661106)
(0, -10, 0, 343.11664438502675, 230, 0, 2, True, 1425242966.764749)
(0, -10, 0, 343.11664438502675, 230, 0, 2, True, 1425242966.866953)
(0, -10, 0, 343.11664438502675, 230, 0, 2, True, 1425242966.968825)
(0, -10, 0, 343.11664438502675, 230, 0, 2, True, 1425242967.072503)
(0, -10, 0, 343.11664438502675, 230, 0, 2, True, 1425242967.174941)
(0, -10, 0, 343.11664438502675, 230, 0, 2, True, 1425242967.277349)
(0, -10, 0, 343.11664438502675, 230, 0, 2, True, 1425242967.38006)
(0, -10, 0, 343.11664438502675, 230, 0, 2, True, 1425242967.482082)
