(0, -10, 108.1, 108.1, 230, 0, 2, True, 1425244760.563628)
(0, -10, 108.2, 108.2, 230, 0, 2, True, 1425244760.666167)
(0, -10, 108.2, 108.2, 230, 0, 2, True, 1425244760.768062)
(0, -10, 108.2, 108.2, 230, 0, 2, True, 1425244760.870231)
(0, -10, 108.2, 108.2, 230, 0, 2, True, 1425244760.971701)
(0, -10, 108.2, 108.2, 230, 0, 2, True, 1425244761.074796)
(0, -10, 108.2, 108.2, 230, 0, 2, True, 1425244761.177277)
(0, -10, 108.2, 108.2, 230, 0, 2, True, 1425244761.279031)
(0, -10, 108.2, 108.2, 230, 0, 2, True, 1425244761.381271)
(0, -10, 108.2, 108.2, 230, 0, 2, True, 1425244761.483269)
(0, -10, 108.2, 108.2, 230, 0, 2, True, 1425244771.33069)
(0, -10, 108.2, 108.2, 230, 0, 2, True, 1425244771.432665)
(0, -10, 108.2, 108.2, 230, 0, 2, True, 1425244771.534439)
(0, -10, 108.2, 108.2, 230, 0, 2, True, 1425244771.636155)
(0, -10, 108.2, 108.2, 230, 0, 2, True, 1425244771.740879)
(0, -10, 108.2, 108.2, 230, 0, 2, True, 1425244771.844274)
(0, -10, 108.2, 108.2, 230, 0, 2, True, 1425244771.946156)
(0, -10, 108.2, 108.2, 230, 0, 2, True, 1425244772.047808)
(0, -10, 108.2, 108.2, 230, 0, 2, True, 1425244772.15091)
(0, -10, 108.2, 108.2, 230, 0, 2, True, 1425244772.25294)
(0, -10, 108.4, 306.9125, 230, 0, 2, True, 1425244782.427435)
(0, -10, 108.1, 306.61249999999995, 230, 0, 2, True, 1425244782.529043)
(0, -10, 108.1, 306.61249999999995, 230, 0, 2, True, 1425244782.631767)
(0, -10, 108.1, 306.61249999999995, 230, 0, 2, True, 1425244782.734297)
(0, -10, 108.1, 306.61249999999995, 230, 0, 2, True, 1425244782.835643)
(0, -10, 108.1, 306.61249999999995, 230, 0, 2, True, 1425244782.945834)
(0, -10, 108.1, 306.61249999999995, 230, 0, 2, True, 1425244783.049278)
(0, -10, 108.1, 306.61249999999995, 230, 0, 2, True, 1425244783.151603)
(0, -10, 108.1, 306.61249999999995, 230, 0, 2, True, 1425244783.254167)
(0, -10, 108.1, 306.61249999999995, 230, 0, 2, True, 1425244783.360352)
(0, -10, 108.3, 306.8125, 230, 0, 2, True, 1425244793.348743)
(0, -10, 108.3, 306.8125, 230, 0, 2, True, 1425244793.450564)
(0, -10, 108.3, 306.8125, 230, 0, 2, True, 1425244793.552275)
(0, -10, 108.3, 306.8125, 230, 0, 2, False, 1425244793.654006)
(0, -10, 108.3, 306.8125, 230, 0, 2, False, 1425244793.755555)
(0, -10, 108.3, 306.8125, 230, 0, 2, False, 1425244793.859505)
(0, -10, 108.3, 306.8125, 230, 0, 2, False, 1425244793.96166)
(0, -10, 108.3, 306.8125, 230, 0, 2, False, 1425244794.063306)
(0, -10, 108.3, 306.8125, 230, 0, 2, False, 1425244794.165047)
(0, -10, 108.2, 306.7125, 230, 0, 2, False, 1425244794.266787)
