(0, -10, 0, 339.733455882353, 230, 0, 2, True, 1425243410.20541)
(0, -10, 0, 339.733455882353, 230, 0, 2, True, 1425243410.307757)
(0, -10, 0, 339.733455882353, 230, 0, 2, True, 1425243410.418125)
(0, -10, 0, 339.733455882353, 230, 0, 2, True, 1425243410.529429)
(0, -10, 0, 339.733455882353, 230, 0, 2, True, 1425243410.638706)
(0, -10, 0, 339.733455882353, 230, 0, 2, True, 1425243410.743063)
(0, -10, 0, 339.733455882353, 230, 0, 2, True, 1425243410.846271)
(0, -10, 0, 339.733455882353, 230, 0, 2, True, 1425243410.950965)
(0, -10, 0, 339.733455882353, 230, 0, 2, True, 1425243411.052398)
(0, -10, 0, 339.733455882353, 230, 0, 2, True, 1425243411.158277)
(0, -10, 0, 339.68891402714934, 230, 0, 2, True, 1425243414.167069)
(0, -10, 0, 339.68891402714934, 230, 0, 2, True, 1425243414.269146)
(0, -10, 0, 339.68891402714934, 230, 0, 2, True, 1425243414.370994)
(0, -10, 0, 339.68891402714934, 230, 0, 2, True, 1425243414.473005)
(0, -10, 0, 339.68891402714934, 230, 0, 2, True, 1425243414.575517)
(0, -10, 0, 339.68891402714934, 230, 0, 2, True, 1425243414.683926)
(0, -10, 0, 339.68891402714934, 230, 0, 2, True, 1425243414.791968)
(0, -10, 0, 339.68891402714934, 230, 0, 2, True, 1425243414.894693)
(0, -10, 0, 339.68891402714934, 230, 0, 2, True, 1425243414.996876)
(0, -10, 0, 339.68891402714934, 230, 0, 2, True, 1425243415.098822)
