(0, -10, 0, 316.70194798219575, 230, 0, 2, False, 1425247203.728984)
(0, -10, 0, 316.70194798219575, 230, 0, 2, False, 1425247203.829837)
(0, -10, 0, 316.70194798219575, 230, 0, 2, False, 1425247203.930614)
(0, -10, 0, 316.70194798219575, 230, 0, 2, False, 1425247204.033107)
(0, -10, 0, 316.70194798219575, 230, 0, 2, False, 1425247204.134006)
(0, -10, 0, 316.70194798219575, 230, 0, 2, False, 1425247204.235318)
(0, -10, 0, 316.70194798219575, 230, 0, 2, False, 1425247204.339191)
(0, -10, 0, 316.70194798219575, 230, 0, 2, False, 1425247204.440944)
(0, -10, 0, 316.70194798219575, 230, 0, 2, False, 1425247204.544278)
(0, -10, 0, 316.70194798219575, 230, 0, 2, False, 1425247204.648474)
(0, -10, 0, 316.70194798219575, 230, 0, 2, False, 1425247204.771599)
(0, -10, 0, 316.70194798219575, 230, 0, 2, False, 1425247204.873629)
(0, -10, 0, 316.70194798219575, 230, 0, 2, False, 1425247204.975538)
(0, -10, 0, 316.70194798219575, 230, 0, 2, False, 1425247205.081186)
(0, -10, 0, 316.70194798219575, 230, 0, 2, False, 1425247205.18298)
(0, -10, 0, 316.70194798219575, 230, 0, 2, False, 1425247205.284852)
(0, -10, 0, 316.70194798219575, 230, 0, 2, False, 1425247205.386721)
(0, -10, 0, 316.70194798219575, 230, 0, 2, False, 1425247205.488738)
(0, -10, 0, 316.70194798219575, 230, 0, 2, False, 1425247205.590616)
(0, -10, 0, 316.70194798219575, 230, 0, 2, False, 1425247205.692504)
(44.21783333333333, -10, 0, 316.70194798219575, 230, 0, 2, False, 1425247205.804702)
(44.21783333333333, -76.486175, 0, 70.98105401363233, 230, 0, 2, False, 1425247205.906969)
(44.21783333333333, -76.486175, 0, 70.98105401363233, 230, 0, 2, False, 1425247206.009464)
(44.21783333333333, -76.486175, 0, 70.98105401363233, 230, 0, 2, False, 1425247206.114268)
(44.21783333333333, -76.486175, 0, 70.98105401363233, 230, 0, 2, False, 1425247206.216026)
(44.21783333333333, -76.486175, 0, 70.98105401363233, 230, 0, 2, False, 1425247206.317778)
(44.21783333333333, -76.486175, 0, 70.98105401363233, 230, 0, 2, False, 1425247206.419899)
(44.21783333333333, -76.486175, 0, 70.98105401363233, 230, 0, 2, False, 1425247206.522033)
(44.21783333333333, -76.486175, 0, 70.98105401363233, 230, 0, 2, False, 1425247206.628305)
(44.21783333333333, -76.486175, 0, 70.98105401363233, 230, 0, 2, False, 1425247206.730068)
(44.217821666666666, -76.486175, 0, 70.76696987290234, 230, 0, 2, False, 1425247206.843085)
(44.217821666666666, -76.486175, 0, 70.76696987290234, 230, 0, 2, False, 1425247206.94549)
(44.217821666666666, -76.486175, 0, 70.76696987290234, 230, 0, 2, False, 1425247207.047643)
(44.217821666666666, -76.486175, 0, 70.76696987290234, 230, 0, 2, False, 1425247207.150045)
(44.217821666666666, -76.486175, 0, 70.76696987290234, 230, 0, 2, False, 1425247207.252054)
(44.217821666666666, -76.486175, 0, 70.76696987290234, 230, 0, 2, False, 1425247207.354595)
(44.217821666666666, -76.486175, 0, 70.76696987290234, 230, 0, 2, False, 1425247207.458015)
(44.217821666666666, -76.486175, 0, 70.76696987290234, 230, 0, 2, False, 1425247207.559858)
(44.217821666666666, -76.486175, 0, 70.76696987290234, 230, 0, 2, False, 1425247207.66155)
(44.217821666666666, -76.486175, 0, 70.76696987290234, 230, 0, 2, False, 1425247207.763572)
(44.217821666666666, -76.486175, 0, 70.76696987290234, 230, 0, 2, False, 1425247207.87587)
(44.217821666666666, -76.486175, 0, 70.76696987290234, 230, 0, 2, False, 1425247207.982322)
(44.217821666666666, -76.486175, 0, 70.76696987290234, 230, 0, 2, False, 1425247208.084936)
(44.217821666666666, -76.486175, 0, 70.76696987290234, 230, 0, 2, False, 1425247208.186872)
(44.217821666666666, -76.486175, 0, 70.76696987290234, 230, 0, 2, False, 1425247208.288756)
(44.217821666666666, -76.486175, 0, 70.76696987290234, 230, 0, 2, False, 1425247208.394019)
(44.217821666666666, -76.486175, 0, 70.76696987290234, 230, 0, 2, False, 1425247208.49623)
(44.217821666666666, -76.486175, 0, 70.76696987290234, 230, 0, 2, False, 1425247208.599234)
(44.217821666666666, -76.486175, 0, 70.76696987290234, 230, 0, 2, False, 1425247208.70125)
(44.217803333333336, -76.48618166666667, 0, 70.46262330922985, 230, 0, 2, False, 1425247208.803732)
(44.217803333333336, -76.48618166666667, 0, 70.46262330922985, 230, 0, 2, False, 1425247208.919463)
(44.217803333333336, -76.48618166666667, 0, 70.46262330922985, 230, 0, 2, False, 1425247209.021602)
(44.217803333333336, -76.48618166666667, 0, 70.46262330922985, 230, 0, 2, False, 1425247209.12365)
(44.217803333333336, -76.48618166666667, 0, 70.46262330922985, 230, 0, 2, False, 1425247209.225456)
(44.217803333333336, -76.48618166666667, 0, 70.46262330922985, 230, 0, 2, False, 1425247209.328741)
(44.217803333333336, -76.48618166666667, 0, 70.46262330922985, 230, 0, 2, False, 1425247209.430648)
(44.217803333333336, -76.48618166666667, 0, 70.46262330922985, 230, 0, 2, False, 1425247209.532481)
(44.217803333333336, -76.48618166666667, 0, 70.46262330922985, 230, 0, 2, False, 1425247209.636537)
(44.217803333333336, -76.48618166666667, 0, 70.46262330922985, 230, 0, 2, False, 1425247209.747259)
(44.217798333333334, -76.486185, 0, 70.38703930898339, 230, 0, 2, False, 1425247209.856205)
(44.217798333333334, -76.486185, 0, 70.38703930898339, 230, 0, 2, False, 1425247209.970718)
(44.217798333333334, -76.486185, 0, 70.38703930898339, 230, 0, 2, False, 1425247210.072925)
(44.217798333333334, -76.486185, 0, 70.38703930898339, 230, 0, 2, False, 1425247210.1828)
(44.217798333333334, -76.486185, 0, 70.38703930898339, 230, 0, 2, False, 1425247210.28451)
(44.217798333333334, -76.486185, 0, 70.38703930898339, 230, 0, 2, False, 1425247210.38634)
(44.217798333333334, -76.486185, 0, 70.38703930898339, 230, 0, 2, False, 1425247210.489106)
(44.217798333333334, -76.486185, 0, 70.38703930898339, 230, 0, 2, False, 1425247210.590937)
(44.217798333333334, -76.486185, 0, 70.38703930898339, 230, 0, 2, False, 1425247210.69265)
(44.217798333333334, -76.486185, 0, 70.38703930898339, 230, 0, 2, False, 1425247210.79628)
(44.217798333333334, -76.486185, 0, 70.38703930898339, 230, 0, 2, False, 1425247210.897967)
(44.217798333333334, -76.486185, 0, 70.38703930898339, 230, 0, 2, False, 1425247211.00751)
(44.217798333333334, -76.486185, 0, 70.38703930898339, 230, 0, 2, False, 1425247211.11015)
(44.217798333333334, -76.486185, 0, 70.38703930898339, 230, 0, 2, False, 1425247211.212198)
(44.217798333333334, -76.486185, 0, 70.38703930898339, 230, 0, 2, False, 1425247211.313931)
(44.217798333333334, -76.486185, 0, 70.38703930898339, 230, 0, 2, False, 1425247211.415632)
(44.217798333333334, -76.486185, 0, 70.38703930898339, 230, 0, 2, False, 1425247211.517688)
(44.21778833333333, -76.48619166666667, 0, 70.23647058569861, 230, 0, 2, False, 1425247211.619624)
(44.21778833333333, -76.48619166666667, 0, 70.23647058569861, 230, 0, 2, False, 1425247211.721587)
(44.21778833333333, -76.48619166666667, 0, 70.23647058569861, 230, 0, 2, False, 1425247211.826206)
(44.21778833333333, -76.48619166666667, 0, 70.23647058569861, 230, 0, 2, False, 1425247211.928269)
(44.21778833333333, -76.48619166666667, 0, 70.23647058569861, 230, 0, 2, False, 1425247212.042065)
(44.21778833333333, -76.48619166666667, 0, 70.23647058569861, 230, 0, 2, False, 1425247212.144147)
(44.21778833333333, -76.48619166666667, 0, 70.23647058569861, 230, 0, 2, False, 1425247212.246227)
(44.21778833333333, -76.48619166666667, 0, 70.23647058569861, 230, 0, 2, False, 1425247212.348299)
(44.21778833333333, -76.48619166666667, 0, 70.23647058569861, 230, 0, 2, False, 1425247212.450182)
(44.21778833333333, -76.48619166666667, 0, 70.23647058569861, 230, 0, 2, False, 1425247212.552033)
(44.217785, -76.48619166666667, 0, 70.17606416517242, 230, 0, 2, False, 1425247212.653814)
(44.217785, -76.48619166666667, 0, 70.17606416517242, 230, 0, 2, False, 1425247212.759936)
(44.217785, -76.48619166666667, 0, 70.17606416517242, 230, 0, 2, False, 1425247212.861958)
(44.217785, -76.48619166666667, 0, 70.17606416517242, 230, 0, 2, False, 1425247212.963892)
(44.217785, -76.48619166666667, 0, 70.17606416517242, 230, 0, 2, False, 1425247213.079382)
(44.217785, -76.48619166666667, 0, 70.17606416517242, 230, 0, 2, False, 1425247213.182059)
(44.217785, -76.48619166666667, 0, 70.17606416517242, 230, 0, 2, False, 1425247213.283995)
(44.217785, -76.48619166666667, 0, 70.17606416517242, 230, 0, 2, False, 1425247213.389655)
(44.217785, -76.48619166666667, 0, 70.17606416517242, 230, 0, 2, False, 1425247213.492)
(44.217785, -76.48619166666667, 0, 70.17606416517242, 230, 0, 2, False, 1425247213.594297)
(44.217785, -76.48619166666667, 0, 70.17606416517242, 230, 0, 2, False, 1425247213.696215)
(44.217785, -76.48619166666667, 0, 70.17606416517242, 230, 0, 2, False, 1425247213.798025)
(44.217785, -76.48619166666667, 0, 70.17606416517242, 230, 0, 2, False, 1425247213.90335)
(44.217785, -76.48619166666667, 0, 70.17606416517242, 230, 0, 2, False, 1425247214.005172)
(44.217785, -76.48619166666667, 0, 70.17606416517242, 230, 0, 2, False, 1425247214.118933)
(44.217785, -76.48619166666667, 0, 70.17606416517242, 230, 0, 2, False, 1425247214.221071)
(44.217785, -76.48619166666667, 0, 70.17606416517242, 230, 0, 2, False, 1425247214.323168)
(44.217785, -76.48619166666667, 0, 70.17606416517242, 230, 0, 2, False, 1425247214.425086)
(44.217785, -76.48619166666667, 0, 70.17606416517242, 230, 0, 2, False, 1425247214.526781)
(44.217785, -76.48619166666667, 0, 70.17606416517242, 230, 0, 2, False, 1425247214.636045)
(44.21778666666667, -76.48620166666667, 0, 70.2528921598581, 230, 0, 2, False, 1425247214.738198)
(44.21778666666667, -76.48620166666667, 0, 70.2528921598581, 230, 0, 2, False, 1425247214.840747)
(44.21778666666667, -76.48620166666667, 0, 70.2528921598581, 230, 0, 2, False, 1425247214.946834)
(44.21778666666667, -76.48620166666667, 0, 70.2528921598581, 230, 0, 2, False, 1425247215.049183)
(44.21778666666667, -76.48620166666667, 0, 70.2528921598581, 230, 0, 2, False, 1425247215.161822)
(44.21778666666667, -76.48620166666667, 0, 70.2528921598581, 230, 0, 2, False, 1425247215.26381)
(44.21778666666667, -76.48620166666667, 0, 70.2528921598581, 230, 0, 2, False, 1425247215.366043)
(44.21778666666667, -76.48620166666667, 0, 70.2528921598581, 230, 0, 2, False, 1425247215.468059)
(44.21778666666667, -76.48620166666667, 0, 70.2528921598581, 230, 0, 2, False, 1425247215.573662)
(44.21778666666667, -76.48620166666667, 0, 70.2528921598581, 230, 0, 2, False, 1425247215.675768)
(44.21778, -76.486205, 0, 70.14798414800322, 230, 0, 2, False, 1425247215.778186)
(44.21778, -76.486205, 0, 70.14798414800322, 230, 0, 2, False, 1425247215.884169)
(44.21778, -76.486205, 0, 70.14798414800322, 230, 0, 2, False, 1425247215.985877)
(44.21778, -76.486205, 0, 70.14798414800322, 230, 0, 2, False, 1425247216.089728)
(44.21778, -76.486205, 0, 70.14798414800322, 230, 0, 2, False, 1425247216.206088)
(44.21778, -76.486205, 0, 70.14798414800322, 230, 0, 2, False, 1425247216.309344)
(44.21778, -76.486205, 0, 70.14798414800322, 230, 0, 2, False, 1425247216.411411)
(44.21778, -76.486205, 0, 70.14798414800322, 230, 0, 2, False, 1425247216.513255)
(44.21778, -76.486205, 0, 70.14798414800322, 230, 0, 2, False, 1425247216.615219)
(44.21778, -76.486205, 0, 70.14798414800322, 230, 0, 2, False, 1425247216.717437)
(44.21778, -76.486205, 0, 70.14798414800322, 230, 0, 2, False, 1425247216.819571)
(44.21778, -76.486205, 0, 70.14798414800322, 230, 0, 2, False, 1425247216.923066)
(44.21778, -76.486205, 0, 70.14798414800322, 230, 0, 2, False, 1425247217.024936)
(44.21778, -76.486205, 0, 70.14798414800322, 230, 0, 2, False, 1425247217.127543)
(44.21778, -76.486205, 0, 70.14798414800322, 230, 0, 2, False, 1425247217.236982)
(44.21778, -76.486205, 0, 70.14798414800322, 230, 0, 2, False, 1425247217.33873)
(44.21778, -76.486205, 0, 70.14798414800322, 230, 0, 2, False, 1425247217.442822)
(44.21778, -76.486205, 0, 70.14798414800322, 230, 0, 2, False, 1425247217.544856)
(44.21778, -76.486205, 0, 70.14798414800322, 230, 0, 2, False, 1425247217.647003)
(44.21778, -76.486205, 0, 70.14798414800322, 230, 0, 2, False, 1425247217.749072)
(44.217771666666664, -76.48620833333334, 0, 70.0133851955951, 230, 0, 2, False, 1425247217.852682)
(44.217771666666664, -76.48620833333334, 0, 70.0133851955951, 230, 0, 2, False, 1425247217.954402)
(44.217771666666664, -76.48620833333334, 0, 70.0133851955951, 230, 0, 2, False, 1425247218.056115)
(44.217771666666664, -76.48620833333334, 0, 70.0133851955951, 230, 0, 2, False, 1425247218.1586)
(44.217771666666664, -76.48620833333334, 0, 70.0133851955951, 230, 0, 2, False, 1425247218.270528)
(44.217771666666664, -76.48620833333334, 0, 70.0133851955951, 230, 0, 2, False, 1425247218.372413)
(44.217771666666664, -76.48620833333334, 0, 70.0133851955951, 230, 0, 2, False, 1425247218.474151)
(44.217771666666664, -76.48620833333334, 0, 70.0133851955951, 230, 0, 2, False, 1425247218.579056)
(44.217771666666664, -76.48620833333334, 0, 70.0133851955951, 230, 0, 2, False, 1425247218.680931)
(44.217765, -76.48620333333334, 0, 30, 230, 0, 2, False, 1425247218.784052)
(44.217765, -76.48620333333334, 0, 30, 230, 0, 2, False, 1425247218.885964)
(44.217765, -76.48620333333334, 0, 30, 230, 0, 2, False, 1425247218.987882)
(44.217765, -76.48620333333334, 0, 30, 230, 0, 2, False, 1425247219.089729)
(44.217765, -76.48620333333334, 0, 30, 230, 0, 2, False, 1425247219.191968)
(44.217765, -76.48620333333334, 0, 30, 230, 0, 2, False, 1425247219.305221)
(44.217765, -76.48620333333334, 0, 30, 230, 0, 2, False, 1425247219.407231)
(44.217765, -76.48620333333334, 0, 30, 230, 0, 2, False, 1425247219.509362)
(44.217765, -76.48620333333334, 0, 30, 230, 0, 2, False, 1425247219.611864)
(44.217765, -76.48620333333334, 0, 30, 230, 0, 2, False, 1425247219.720052)
(44.217765, -76.48620333333334, 0, 30, 230, 0, 2, False, 1425247219.822101)
(44.217765, -76.48620333333334, 0, 30, 230, 0, 2, False, 1425247219.923962)
(44.217765, -76.48620333333334, 0, 30, 230, 0, 2, False, 1425247220.03004)
(44.217765, -76.48620333333334, 0, 30, 230, 0, 2, False, 1425247220.131892)
(44.217765, -76.48620333333334, 0, 30, 230, 0, 2, False, 1425247220.233629)
(44.217765, -76.48620333333334, 0, 30, 230, 0, 2, False, 1425247220.347099)
(44.217765, -76.48620333333334, 0, 30, 230, 0, 2, False, 1425247220.448889)
(44.217765, -76.48620333333334, 0, 30, 230, 0, 2, False, 1425247220.55086)
(44.217765, -76.48620333333334, 0, 30, 230, 0, 2, False, 1425247220.653251)
(44.217765, -76.48620333333334, 0, 30, 230, 0, 2, False, 1425247220.758676)
(44.217753333333334, -76.486205, 0, 30, 230, 0, 2, False, 1425247220.860521)
(44.217753333333334, -76.486205, 0, 30, 230, 0, 2, False, 1425247220.967395)
(44.217753333333334, -76.486205, 0, 30, 230, 0, 2, False, 1425247221.069272)
(44.217753333333334, -76.486205, 0, 30, 230, 0, 2, False, 1425247221.171655)
(44.217753333333334, -76.486205, 0, 30, 230, 0, 2, False, 1425247221.273558)
(44.217753333333334, -76.486205, 0, 30, 230, 0, 2, False, 1425247221.389654)
(44.217753333333334, -76.486205, 0, 30, 230, 0, 2, False, 1425247221.492365)
(44.217753333333334, -76.486205, 0, 30, 230, 0, 2, False, 1425247221.594376)
(44.217753333333334, -76.486205, 0, 30, 230, 0, 2, False, 1425247221.69992)
(44.217753333333334, -76.486205, 0, 30, 230, 0, 2, False, 1425247221.801807)
(44.21774666666666, -76.486205, 0, 30, 230, 0, 2, False, 1425247221.903851)
(44.21774666666666, -76.486205, 0, 30, 230, 0, 2, False, 1425247222.009282)
(44.21774666666666, -76.486205, 0, 30, 230, 0, 2, False, 1425247222.111019)
(44.21774666666666, -76.486205, 0, 30, 230, 0, 2, False, 1425247222.215893)
(44.21774666666666, -76.486205, 0, 30, 230, 0, 2, False, 1425247222.317647)
(44.21774666666666, -76.486205, 0, 30, 230, 0, 2, False, 1425247222.431329)
(44.21774666666666, -76.486205, 0, 30, 230, 0, 2, False, 1425247222.53329)
(44.21774666666666, -76.486205, 0, 30, 230, 0, 2, False, 1425247222.635918)
(44.21774666666666, -76.486205, 0, 30, 230, 0, 2, False, 1425247222.739786)
(44.21774666666666, -76.486205, 0, 30, 230, 0, 2, False, 1425247222.841679)
(44.21774666666666, -76.486205, 0, 30, 230, 0, 2, False, 1425247222.943733)
(44.21774666666666, -76.486205, 0, 30, 230, 0, 2, False, 1425247223.045988)
(44.21774666666666, -76.486205, 0, 30, 230, 0, 2, False, 1425247223.151304)
(44.21774666666666, -76.486205, 0, 30, 230, 0, 2, False, 1425247223.253702)
(44.21774666666666, -76.486205, 0, 30, 230, 0, 2, False, 1425247223.355515)
(44.21774666666666, -76.486205, 0, 30, 230, 0, 2, False, 1425247223.465651)
(44.21774666666666, -76.486205, 0, 30, 230, 0, 2, False, 1425247223.567711)
(44.21772833333333, -76.48622166666667, 0, 30, 230, 0, 2, False, 1425247223.669637)
(44.21772833333333, -76.48622166666667, 0, 30, 230, 0, 2, False, 1425247223.771597)
(44.21772833333333, -76.48622166666667, 0, 30, 230, 0, 2, False, 1425247223.876519)
(44.21772833333333, -76.48622166666667, 0, 30, 230, 0, 2, False, 1425247223.978658)
(44.21772833333333, -76.48622166666667, 0, 30, 230, 0, 2, False, 1425247224.085209)
(44.21772833333333, -76.48622166666667, 0, 30, 230, 0, 2, False, 1425247224.187369)
(44.21772833333333, -76.48622166666667, 0, 30, 230, 0, 2, False, 1425247224.289526)
(44.21772833333333, -76.48622166666667, 0, 30, 230, 0, 2, False, 1425247224.391548)
(44.21772833333333, -76.48622166666667, 0, 30, 230, 0, 2, False, 1425247224.505984)
(44.21772166666667, -76.486225, 0, 30, 230, 0, 2, False, 1425247224.608406)
(44.21772166666667, -76.486225, 0, 30, 230, 0, 2, False, 1425247224.712516)
(44.21772166666667, -76.486225, 0, 30, 230, 0, 2, False, 1425247224.81726)
(44.21772166666667, -76.486225, 0, 30, 230, 0, 2, False, 1425247224.919107)
(44.21772166666667, -76.486225, 0, 30, 230, 0, 2, False, 1425247225.02096)
(44.21772166666667, -76.486225, 0, 30, 230, 0, 2, False, 1425247225.122772)
(44.21772166666667, -76.486225, 0, 30, 230, 0, 2, False, 1425247225.224768)
(44.21772166666667, -76.486225, 0, 30, 230, 0, 2, False, 1425247225.326987)
(44.21772166666667, -76.486225, 0, 30, 230, 0, 2, False, 1425247225.428777)
(44.21772166666667, -76.486225, 0, 30, 230, 0, 2, False, 1425247225.541818)
(44.21772166666667, -76.486225, 0, 30, 230, 0, 2, False, 1425247225.643693)
(44.21772166666667, -76.486225, 0, 30, 230, 0, 2, False, 1425247225.745585)
(44.21772166666667, -76.486225, 0, 30, 230, 0, 2, False, 1425247225.851338)
(44.21772166666667, -76.486225, 0, 30, 230, 0, 2, False, 1425247225.953302)
(44.21772166666667, -76.486225, 0, 30, 230, 0, 2, False, 1425247226.055472)
(44.21772166666667, -76.486225, 0, 30, 230, 0, 2, False, 1425247226.157403)
(44.21772166666667, -76.486225, 0, 30, 230, 0, 2, False, 1425247226.259695)
(44.21772166666667, -76.486225, 0, 30, 230, 0, 2, False, 1425247226.361973)
(44.21772166666667, -76.486225, 0, 30, 230, 0, 2, False, 1425247226.463886)
(44.21772166666667, -76.486225, 0, 30, 230, 0, 2, False, 1425247226.579368)
(44.21772166666667, -76.486225, 0, 30, 230, 0, 2, False, 1425247226.686012)
(44.217713333333336, -76.48623166666667, 0, 30, 230, 0, 2, False, 1425247226.78801)
(44.217713333333336, -76.48623166666667, 0, 30, 230, 0, 2, False, 1425247226.890031)
(44.217713333333336, -76.48623166666667, 0, 30, 230, 0, 2, False, 1425247226.995823)
(44.217713333333336, -76.48623166666667, 0, 30, 230, 0, 2, False, 1425247227.098023)
(44.217713333333336, -76.48623166666667, 0, 30, 230, 0, 2, False, 1425247227.199926)
(44.217713333333336, -76.48623166666667, 0, 30, 230, 0, 2, False, 1425247227.304075)
(44.217713333333336, -76.48623166666667, 0, 30, 230, 0, 2, False, 1425247227.405918)
(44.217713333333336, -76.48623166666667, 0, 30, 230, 0, 2, False, 1425247227.507882)
(44.217713333333336, -76.48623166666667, 0, 30, 230, 0, 2, False, 1425247227.623225)
(44.217705, -76.48623166666667, 0, 30, 230, 0, 2, False, 1425247227.726228)
(44.217705, -76.48623166666667, 0, 30, 230, 0, 2, False, 1425247227.831007)
(44.217705, -76.48623166666667, 0, 30, 230, 0, 2, False, 1425247227.932842)
(44.217705, -76.48623166666667, 0, 30, 230, 0, 2, False, 1425247228.034914)
(44.217705, -76.48623166666667, 0, 30, 230, 0, 2, False, 1425247228.137392)
(44.217705, -76.48623166666667, 0, 30, 230, 0, 2, False, 1425247228.239469)
(44.217705, -76.48623166666667, 0, 30, 230, 0, 2, False, 1425247228.341598)
(44.217705, -76.48623166666667, 0, 30, 230, 0, 2, False, 1425247228.44379)
(44.217705, -76.48623166666667, 0, 30, 230, 0, 2, False, 1425247228.545798)
(44.217705, -76.48623166666667, 0, 30, 230, 0, 2, False, 1425247228.657505)
(44.217705, -76.48623166666667, 0, 30, 230, 0, 2, False, 1425247228.759242)
(44.217705, -76.48623166666667, 0, 30, 230, 0, 2, False, 1425247228.861173)
(44.217705, -76.48623166666667, 0, 30, 230, 0, 2, False, 1425247228.96773)
(44.217705, -76.48623166666667, 0, 30, 230, 0, 2, False, 1425247229.069557)
(44.217705, -76.48623166666667, 0, 30, 230, 0, 2, False, 1425247229.171457)
(44.217705, -76.48623166666667, 0, 30, 230, 0, 2, False, 1425247229.276438)
(44.217705, -76.48623166666667, 0, 30, 230, 0, 2, False, 1425247229.378298)
(44.217705, -76.48623166666667, 0, 30, 230, 0, 2, False, 1425247229.480417)
(44.217705, -76.48623166666667, 0, 30, 230, 0, 2, False, 1425247229.582552)
(44.217705, -76.48623166666667, 0, 30, 230, 0, 2, False, 1425247229.715826)
(44.217705, -76.48623166666667, 0, 30, 230, 0, 2, False, 1425247229.817878)
(44.217695, -76.48623, 0, 30, 230, 0, 2, False, 1425247229.919841)
(44.217695, -76.48623, 0, 30, 230, 0, 2, False, 1425247230.021874)
(44.217695, -76.48623, 0, 30, 230, 0, 2, False, 1425247230.125572)
(44.217695, -76.48623, 0, 30, 230, 0, 2, False, 1425247230.227511)
(44.217695, -76.48623, 0, 30, 230, 0, 2, False, 1425247230.333104)
(44.217695, -76.48623, 0, 30, 230, 0, 2, False, 1425247230.434924)
(44.217695, -76.48623, 0, 30, 230, 0, 2, False, 1425247230.536826)
(44.217695, -76.48623, 0, 30, 230, 0, 2, False, 1425247230.63866)
(44.217695, -76.48623, 0, 30, 230, 0, 2, False, 1425247230.749747)
(44.217695, -76.48623, 0, 30, 230, 0, 2, False, 1425247230.851694)
(44.21769, -76.48623, 0, 30, 230, 0, 2, False, 1425247230.956585)
(44.21769, -76.48623, 0, 30, 230, 0, 2, False, 1425247231.058663)
(44.21769, -76.48623, 0, 30, 230, 0, 2, False, 1425247231.160894)
(44.21769, -76.48623, 0, 30, 230, 0, 2, False, 1425247231.263136)
(44.21769, -76.48623, 0, 30, 230, 0, 2, False, 1425247231.369133)
(44.21769, -76.48623, 0, 30, 230, 0, 2, False, 1425247231.471257)
(44.21769, -76.48623, 0, 30, 230, 0, 2, False, 1425247231.575522)
(44.21769, -76.48623, 0, 30, 230, 0, 2, False, 1425247231.677336)
(44.21769, -76.48623, 0, 30, 230, 0, 2, False, 1425247231.792339)
(44.21769, -76.48623, 0, 30, 230, 0, 2, False, 1425247231.894691)
(44.21769, -76.48623, 0, 30, 230, 0, 2, False, 1425247231.996844)
(44.21769, -76.48623, 0, 30, 230, 0, 2, False, 1425247232.098872)
(44.21769, -76.48623, 0, 30, 230, 0, 2, False, 1425247232.200532)
(44.21769, -76.48623, 0, 30, 230, 0, 2, False, 1425247232.302264)
(44.21769, -76.48623, 0, 30, 230, 0, 2, False, 1425247232.40421)
(44.21769, -76.48623, 0, 30, 230, 0, 2, False, 1425247232.509755)
(44.21767666666667, -76.486235, 0, 30, 230, 0, 2, False, 1425247232.612018)
(44.21767666666667, -76.486235, 0, 30, 230, 0, 2, False, 1425247232.71418)
(44.21767666666667, -76.486235, 0, 30, 230, 0, 2, False, 1425247232.828252)
(44.21767666666667, -76.486235, 0, 30, 230, 0, 2, False, 1425247232.93059)
(44.21767666666667, -76.486235, 0, 30, 230, 0, 2, False, 1425247233.032529)
(44.21767666666667, -76.486235, 0, 30, 230, 0, 2, False, 1425247233.134371)
(44.21767666666667, -76.486235, 0, 30, 230, 0, 2, False, 1425247233.239025)
(44.21767666666667, -76.486235, 0, 30, 230, 0, 2, False, 1425247233.340987)
(44.21767666666667, -76.486235, 0, 30, 230, 0, 2, False, 1425247233.446427)
(44.21767666666667, -76.486235, 0, 30, 230, 0, 2, False, 1425247233.548476)
(44.21767333333333, -76.48623666666667, 0, 30, 230, 0, 2, False, 1425247233.650993)
(44.21767333333333, -76.48623666666667, 0, 30, 230, 0, 2, False, 1425247233.757169)
(44.21767333333333, -76.48623666666667, 0, 30, 230, 0, 2, False, 1425247233.866226)
(44.21767333333333, -76.48623666666667, 0, 30, 230, 0, 2, False, 1425247233.968072)
(44.21767333333333, -76.48623666666667, 0, 30, 230, 0, 2, False, 1425247234.071874)
(44.21767333333333, -76.48623666666667, 0, 30, 230, 0, 2, False, 1425247234.174578)
(44.21767333333333, -76.48623666666667, 0, 30, 230, 0, 2, False, 1425247234.276589)
(44.21767333333333, -76.48623666666667, 0, 30, 230, 0, 2, False, 1425247234.378508)
(44.21767333333333, -76.48623666666667, 0, 30, 230, 0, 2, False, 1425247234.480511)
(44.21767333333333, -76.48623666666667, 0, 30, 230, 0, 2, False, 1425247234.582585)
(44.21767333333333, -76.48623666666667, 0, 30, 230, 0, 2, False, 1425247234.689274)
(44.21767333333333, -76.48623666666667, 0, 30, 230, 0, 2, False, 1425247234.794231)
(44.21767333333333, -76.48623666666667, 0, 30, 230, 0, 2, False, 1425247234.904321)
(44.21767333333333, -76.48623666666667, 0, 30, 230, 0, 2, False, 1425247235.006419)
(44.21767333333333, -76.48623666666667, 0, 30, 230, 0, 2, False, 1425247235.108267)
(44.21767333333333, -76.48623666666667, 0, 30, 230, 0, 2, False, 1425247235.214398)
(44.21767333333333, -76.48623666666667, 0, 30, 230, 0, 2, False, 1425247235.316096)
(44.21767333333333, -76.48623666666667, 0, 30, 230, 0, 2, False, 1425247235.418047)
(44.21767333333333, -76.48623666666667, 0, 30, 230, 0, 2, False, 1425247235.526659)
(44.21767333333333, -76.48623666666667, 0, 30, 230, 0, 2, False, 1425247235.628571)
(44.21767333333333, -76.48623666666667, 0, 30, 230, 0, 2, False, 1425247235.73113)
(44.21766, -76.48624166666667, 0, 30, 230, 0, 2, False, 1425247235.833322)
(44.21766, -76.48624166666667, 0, 30, 230, 0, 2, False, 1425247235.948149)
(44.21766, -76.48624166666667, 0, 30, 230, 0, 2, False, 1425247236.050068)
(44.21766, -76.48624166666667, 0, 30, 230, 0, 2, False, 1425247236.151812)
(44.21766, -76.48624166666667, 0, 30, 230, 0, 2, False, 1425247236.256036)
(44.21766, -76.48624166666667, 0, 30, 230, 0, 2, False, 1425247236.358223)
(44.21766, -76.48624166666667, 0, 30, 230, 0, 2, False, 1425247236.46015)
(44.21766, -76.48624166666667, 0, 30, 230, 0, 2, False, 1425247236.561904)
(44.21766, -76.48624166666667, 0, 30, 230, 0, 2, False, 1425247236.665931)
(44.21765, -76.48624, 0, 30, 230, 0, 2, False, 1425247236.768424)
(44.21765, -76.48624, 0, 30, 230, 0, 2, False, 1425247236.870562)
(44.21765, -76.48624, 0, 30, 230, 0, 2, False, 1425247236.980128)
(44.21765, -76.48624, 0, 30, 230, 0, 2, False, 1425247237.083905)
(44.21765, -76.48624, 0, 30, 230, 0, 2, False, 1425247237.188586)
(44.21765, -76.48624, 0, 30, 230, 0, 2, False, 1425247237.301213)
(44.21765, -76.48624, 0, 30, 230, 0, 2, False, 1425247237.403217)
(44.21765, -76.48624, 0, 30, 230, 0, 2, False, 1425247237.505203)
(44.21765, -76.48624, 0, 30, 230, 0, 2, False, 1425247237.606816)
(44.21765, -76.48624, 0, 30, 230, 0, 2, False, 1425247237.710578)
(44.21765, -76.48624, 0, 30, 230, 0, 2, False, 1425247237.812518)
(44.21765, -76.48624, 0, 30, 230, 0, 2, False, 1425247237.914529)
(44.21765, -76.48624, 0, 30, 230, 0, 2, False, 1425247238.025745)
(44.21765, -76.48624, 0, 30, 230, 0, 2, False, 1425247238.127565)
(44.21765, -76.48624, 0, 30, 230, 0, 2, False, 1425247238.229551)
(44.21765, -76.48624, 0, 30, 230, 0, 2, False, 1425247238.334429)
(44.21765, -76.48624, 0, 30, 230, 0, 2, False, 1425247238.436286)
(44.21765, -76.48624, 0, 30, 230, 0, 2, False, 1425247238.540448)
(44.21765, -76.48624, 0, 30, 230, 0, 2, False, 1425247238.642199)
(44.217641666666665, -76.486245, 0, 30, 230, 0, 2, False, 1425247238.744321)
(44.217641666666665, -76.486245, 0, 30, 230, 0, 2, False, 1425247238.846493)
(44.217641666666665, -76.486245, 0, 30, 230, 0, 2, False, 1425247238.94841)
(44.217641666666665, -76.486245, 0, 30, 230, 0, 2, False, 1425247239.06049)
(44.217641666666665, -76.486245, 0, 30, 230, 0, 2, False, 1425247239.162403)
(44.217641666666665, -76.486245, 0, 30, 230, 0, 2, False, 1425247239.264305)
(44.217641666666665, -76.486245, 0, 30, 230, 0, 2, False, 1425247239.366971)
(44.217641666666665, -76.486245, 0, 30, 230, 0, 2, False, 1425247239.468888)
(44.217641666666665, -76.486245, 0, 30, 230, 0, 2, False, 1425247239.573592)
(44.217641666666665, -76.486245, 0, 30, 230, 0, 2, False, 1425247239.675636)
(44.217641666666665, -76.486245, 0, 30, 230, 0, 2, False, 1425247239.778103)
(44.217636666666664, -76.48624333333333, 0, 30, 230, 0, 2, False, 1425247239.888005)
(44.217636666666664, -76.48624333333333, 0, 30, 230, 0, 2, False, 1425247239.989753)
(44.217636666666664, -76.48624333333333, 0, 30, 230, 0, 2, False, 1425247240.098645)
(44.217636666666664, -76.48624333333333, 0, 30, 230, 0, 2, False, 1425247240.200549)
(44.217636666666664, -76.48624333333333, 0, 30, 230, 0, 2, False, 1425247240.303627)
(44.217636666666664, -76.48624333333333, 0, 30, 230, 0, 2, False, 1425247240.405581)
(44.217636666666664, -76.48624333333333, 0, 30, 230, 0, 2, False, 1425247240.508192)
(44.217636666666664, -76.48624333333333, 0, 30, 230, 0, 2, False, 1425247240.610169)
(44.217636666666664, -76.48624333333333, 0, 30, 230, 0, 2, False, 1425247240.712751)
(44.217636666666664, -76.48624333333333, 0, 30, 230, 0, 2, False, 1425247240.814915)
(44.217636666666664, -76.48624333333333, 177.1, 70, 230, 0, 2, False, 1425247240.916775)
(44.217636666666664, -76.48624333333333, 177.1, 70, 230, 0, 2, False, 1425247241.018841)
(44.217636666666664, -76.48624333333333, 177.1, 70, 230, 0, 2, False, 1425247241.131585)
(44.217636666666664, -76.48624333333333, 177.1, 70, 230, 0, 2, False, 1425247241.233513)
(44.217636666666664, -76.48624333333333, 177.1, 67.80016240678384, 225.8999999935433, 2.3099999999999996, 2, False, 1425247241.335532)
(44.217636666666664, -76.48624333333333, 177.1, 67.80016240678384, 225.8999999935433, 2.3099999999999996, 2, False, 1425247241.437643)
(44.217636666666664, -76.48624333333333, 177.1, 67.80016240678384, 225.8999999935433, 2.3099999999999996, 2, False, 1425247241.542052)
(44.21763333333333, -76.48624166666667, 177.1, 67.73399881404316, 225.8999999935433, 2.3099999999999996, 2, False, 1425247241.643985)
(44.21763333333333, -76.48624166666667, 177.1, 67.73399881404316, 225.8999999935433, 2.3099999999999996, 2, False, 1425247241.746055)
(44.21763333333333, -76.48624166666667, 177.1, 67.73399881404316, 225.8999999935433, 2.3099999999999996, 2, False, 1425247241.849222)
(44.21763333333333, -76.48624166666667, 177.1, 67.73399881404316, 225.8999999935433, 2.3099999999999996, 2, False, 1425247241.951325)
(44.21763333333333, -76.48624166666667, 177.1, 67.73399881404316, 225.8999999935433, 2.3099999999999996, 2, False, 1425247242.055832)
(44.21763333333333, -76.48624166666667, 177.1, 67.73399881404316, 225.8999999935433, 2.3099999999999996, 2, False, 1425247242.169942)
(44.21763333333333, -76.48624166666667, 177.1, 67.73399881404316, 225.8999999935433, 2.3099999999999996, 2, False, 1425247242.272325)
(44.21763333333333, -76.48624166666667, 177.1, 67.73399881404316, 225.8999999935433, 2.3099999999999996, 2, False, 1425247242.381616)
(44.21763333333333, -76.48624166666667, 177.1, 67.73399881404316, 225.8999999935433, 2.3099999999999996, 2, False, 1425247242.483498)
(44.21763333333333, -76.48624166666667, 177.1, 67.73399881404316, 225.8999999935433, 2.3099999999999996, 2, False, 1425247242.585545)
(44.21763333333333, -76.48623833333333, 177.1, 67.71705845216866, 225.8999999935433, 2.3099999999999996, 2, False, 1425247242.687659)
(44.21763333333333, -76.48623833333333, 177.1, 67.71705845216866, 225.8999999935433, 2.3099999999999996, 2, False, 1425247242.792722)
(44.21763333333333, -76.48623833333333, 177.1, 67.71705845216866, 225.8999999935433, 2.3099999999999996, 2, False, 1425247242.895009)
(44.21763333333333, -76.48623833333333, 177.1, 67.71705845216866, 223.6057534563505, 3.9247967227236957, 2, False, 1425247242.996929)
(44.21763333333333, -76.48623833333333, 177.1, 67.71705845216866, 223.6057534563505, 3.9247967227236957, 2, False, 1425247243.098837)
(44.21763333333333, -76.48623833333333, 177.1, 67.71705845216866, 223.6057534563505, 3.9247967227236957, 2, False, 1425247243.209923)
(44.21763333333333, -76.48623833333333, 177.1, 67.71705845216866, 223.6057534563505, 3.9247967227236957, 2, False, 1425247243.311821)
(44.21763333333333, -76.48623833333333, 177.1, 67.71705845216866, 223.6057534563505, 3.9247967227236957, 2, False, 1425247243.414103)
(44.21763333333333, -76.48623833333333, 177.1, 67.71705845216866, 223.6057534563505, 3.9247967227236957, 2, False, 1425247243.516146)
(44.21763333333333, -76.48623833333333, 177.1, 67.71705845216866, 223.6057534563505, 3.9247967227236957, 2, False, 1425247243.618083)
(44.21763333333333, -76.48623833333333, 177.1, 67.71705845216866, 223.6057534563505, 3.9247967227236957, 2, False, 1425247243.719944)
(44.21763333333333, -76.48623833333333, 177.1, 67.71705845216866, 223.6057534563505, 3.9247967227236957, 2, False, 1425247243.821837)
(44.21763333333333, -76.48623833333333, 177.1, 67.71705845216866, 223.6057534563505, 3.9247967227236957, 2, False, 1425247243.925546)
(44.21763333333333, -76.48623833333333, 177.1, 67.71705845216866, 223.6057534563505, 3.9247967227236957, 2, False, 1425247244.028186)
(44.21763333333333, -76.48623833333333, 177.1, 67.71705845216866, 223.6057534563505, 3.9247967227236957, 2, False, 1425247244.130465)
(44.21763333333333, -76.48623833333333, 177.1, 67.71705845216866, 223.6057534563505, 3.9247967227236957, 2, False, 1425247244.235675)
(44.21763333333333, -76.48623833333333, 177.1, 67.71705845216866, 223.6057534563505, 3.9247967227236957, 2, False, 1425247244.337515)
(44.21763333333333, -76.48623833333333, 177.1, 67.71705845216866, 223.6057534563505, 3.9247967227236957, 2, False, 1425247244.442925)
(44.21763333333333, -76.48623833333333, 177.1, 67.71705845216866, 223.6057534563505, 3.9247967227236957, 2, False, 1425247244.544913)
(44.21763333333333, -76.48623833333333, 177.1, 67.71705845216866, 223.6057534563505, 3.9247967227236957, 2, False, 1425247244.647226)
(44.21763333333333, -76.48623833333333, 177.1, 67.71705845216866, 223.6057534563505, 3.9247967227236957, 2, False, 1425247244.749361)
(44.21763333333333, -76.486235, 177.1, 67.70009360440667, 223.6057534563505, 3.9247967227236957, 2, False, 1425247244.851231)
(44.21763333333333, -76.486235, 177.1, 67.70009360440667, 223.6057534563505, 3.9247967227236957, 2, False, 1425247244.960766)
(44.21763333333333, -76.486235, 177.1, 67.70009360440667, 223.6057534563505, 3.9247967227236957, 2, False, 1425247245.063158)
(44.21763333333333, -76.486235, 177.1, 67.70009360440667, 223.6057534563505, 3.9247967227236957, 2, False, 1425247245.165326)
(44.21763333333333, -76.486235, 177.1, 67.70009360440667, 223.6057534563505, 3.9247967227236957, 2, False, 1425247245.270353)
(44.21763333333333, -76.486235, 177.1, 67.70009360440667, 223.6057534563505, 3.9247967227236957, 2, False, 1425247245.372231)
(44.21763333333333, -76.486235, 177.1, 67.70009360440667, 223.6057534563505, 3.9247967227236957, 2, False, 1425247245.477848)
(44.21763333333333, -76.486235, 177.1, 67.70009360440667, 223.6057534563505, 3.9247967227236957, 2, False, 1425247245.579589)
(44.21763333333333, -76.486235, 177.1, 67.70009360440667, 223.6057534563505, 3.9247967227236957, 2, False, 1425247245.684791)
(44.21763333333333, -76.486235, 177.1, 67.70009360440667, 223.6057534563505, 3.9247967227236957, 2, False, 1425247245.786546)
(44.21763333333333, -76.48623666666667, 177.1, 67.70857909220439, 223.6057534563505, 3.9247967227236957, 2, False, 1425247245.888442)
(44.21763333333333, -76.48623666666667, 177.1, 67.70857909220439, 223.6057534563505, 3.9247967227236957, 2, False, 1425247245.994881)
(44.21763333333333, -76.48623666666667, 177.1, 67.70857909220439, 223.6057534563505, 3.9247967227236957, 2, False, 1425247246.096725)
(44.21763333333333, -76.48623666666667, 177.1, 67.70857909220439, 223.6057534563505, 3.9247967227236957, 2, False, 1425247246.203158)
(44.21763333333333, -76.48623666666667, 177.1, 67.70857909220439, 223.6057534563505, 3.9247967227236957, 2, False, 1425247246.308495)
(44.21763333333333, -76.48623666666667, 177.1, 67.70857909220439, 223.6057534563505, 3.9247967227236957, 2, False, 1425247246.412994)
(44.21763333333333, -76.48623666666667, 177.1, 67.70857909220439, 223.6057534563505, 3.9247967227236957, 2, False, 1425247246.514935)
(44.21763333333333, -76.48623666666667, 177.1, 67.70857909220439, 223.6057534563505, 3.9247967227236957, 2, False, 1425247246.616995)
(44.21763333333333, -76.48623666666667, 177.1, 67.70857909220439, 223.6057534563505, 3.9247967227236957, 2, False, 1425247246.72004)
(44.21763333333333, -76.48623666666667, 177.1, 67.70857909220439, 223.6057534563505, 3.9247967227236957, 2, False, 1425247246.823547)
(44.21763333333333, -76.48623666666667, 177.1, 67.70857909220439, 223.6057534563505, 3.9247967227236957, 2, False, 1425247246.925524)
(44.21763333333333, -76.48623666666667, 177.1, 67.70857909220439, 223.6057534563505, 3.9247967227236957, 2, False, 1425247247.027473)
(44.21763333333333, -76.48623666666667, 177.1, 67.70857909220439, 223.6057534563505, 3.9247967227236957, 2, False, 1425247247.129648)
(44.21763333333333, -76.48623666666667, 177.1, 67.70857909220439, 223.6057534563505, 3.9247967227236957, 2, False, 1425247247.231768)
(44.21763333333333, -76.48623666666667, 177.1, 67.70857909220439, 223.6057534563505, 3.9247967227236957, 2, False, 1425247247.336606)
(44.21763333333333, -76.48623666666667, 177.1, 67.70857909220439, 223.6057534563505, 3.9247967227236957, 2, False, 1425247247.4418)
(44.21763333333333, -76.48623666666667, 177.1, 67.70857909220439, 223.6057534563505, 3.9247967227236957, 2, False, 1425247247.543844)
(44.21763, -76.48623833333333, 177.1, 67.65935147263565, 223.6057534563505, 3.9247967227236957, 2, False, 1425247247.645831)
(44.21763, -76.48623833333333, 177.1, 67.65935147263565, 223.6057534563505, 3.9247967227236957, 2, False, 1425247247.751396)
(44.21763, -76.48623833333333, 177.1, 67.65935147263565, 223.6057534563505, 3.9247967227236957, 2, False, 1425247247.853829)
(44.21763, -76.48623833333333, 177.1, 67.65935147263565, 223.6057534563505, 3.9247967227236957, 2, False, 1425247247.956201)
(44.21763, -76.48623833333333, 177.1, 67.65935147263565, 223.6057534563505, 3.9247967227236957, 2, False, 1425247248.060286)
(44.21763, -76.48623833333333, 177.1, 67.65935147263565, 223.6057534563505, 3.9247967227236957, 2, False, 1425247248.162654)
(44.21763, -76.48623833333333, 177.1, 67.65935147263565, 223.6057534563505, 3.9247967227236957, 2, False, 1425247248.264805)
(44.21763, -76.48623833333333, 177.1, 67.65935147263565, 223.6057534563505, 3.9247967227236957, 2, False, 1425247248.372632)
(44.21763, -76.48623833333333, 177.1, 67.65935147263565, 223.6057534563505, 3.9247967227236957, 2, False, 1425247248.474763)
(44.21763, -76.48623833333333, 177.1, 67.65935147263565, 223.6057534563505, 3.9247967227236957, 2, False, 1425247248.576961)
(44.21763, -76.48623833333333, 177.1, 67.65935147263565, 223.6057534563505, 3.9247967227236957, 2, False, 1425247248.682731)
(44.217623333333336, -76.48624, 177.1, 67.55260580772278, 223.6057534563505, 3.9247967227236957, 2, False, 1425247248.784872)
(44.217623333333336, -76.48624, 177.1, 67.55260580772278, 223.6057534563505, 3.9247967227236957, 2, False, 1425247248.891175)
(44.217623333333336, -76.48624, 177.1, 67.55260580772278, 223.6057534563505, 3.9247967227236957, 2, False, 1425247248.993152)
(44.217623333333336, -76.48624, 177.1, 67.55260580772278, 223.6057534563505, 3.9247967227236957, 2, False, 1425247249.095045)
(44.217623333333336, -76.48624, 177.1, 67.55260580772278, 223.6057534563505, 3.9247967227236957, 2, False, 1425247249.200615)
(44.217623333333336, -76.48624, 177.1, 67.55260580772278, 223.6057534563505, 3.9247967227236957, 2, False, 1425247249.306102)
(44.217623333333336, -76.48624, 177.1, 67.55260580772278, 223.6057534563505, 3.9247967227236957, 2, False, 1425247249.416696)
(44.217623333333336, -76.48624, 177.1, 67.55260580772278, 223.6057534563505, 3.9247967227236957, 2, False, 1425247249.518659)
(44.217623333333336, -76.48624, 177.1, 67.55260580772278, 223.6057534563505, 3.9247967227236957, 2, False, 1425247249.620427)
(44.217623333333336, -76.48624, 177.1, 67.55260580772278, 223.6057534563505, 3.9247967227236957, 2, False, 1425247249.725781)
(44.217623333333336, -76.48624, 177.1, 67.55260580772278, 223.6057534563505, 3.9247967227236957, 2, False, 1425247249.829841)
(44.217623333333336, -76.48624, 177.1, 67.55260580772278, 223.6057534563505, 3.9247967227236957, 2, False, 1425247249.93232)
(44.217623333333336, -76.48624, 177.1, 67.55260580772278, 223.6057534563505, 3.9247967227236957, 2, False, 1425247250.039121)
(44.217623333333336, -76.48624, 177.1, 67.55260580772278, 223.6057534563505, 3.9247967227236957, 2, False, 1425247250.141304)
(44.217623333333336, -76.48624, 177.1, 67.55260580772278, 223.6057534563505, 3.9247967227236957, 2, False, 1425247250.243535)
(44.217623333333336, -76.48624, 177.1, 67.55260580772278, 223.6057534563505, 3.9247967227236957, 2, False, 1425247250.345571)
(44.217623333333336, -76.48624, 177.1, 67.55260580772278, 223.6057534563505, 3.9247967227236957, 2, False, 1425247250.450854)
(44.217623333333336, -76.48624, 177.1, 67.55260580772278, 223.6057534563505, 3.9247967227236957, 2, False, 1425247250.55607)
(44.21762, -76.48624666666667, 177.1, 67.52916683606446, 223.6057534563505, 3.9247967227236957, 2, False, 1425247250.657914)
(44.21762, -76.48624666666667, 177.1, 67.52916683606446, 223.6057534563505, 3.9247967227236957, 2, False, 1425247250.759904)
(44.21762, -76.48624666666667, 177.1, 67.52916683606446, 223.6057534563505, 3.9247967227236957, 2, False, 1425247250.86202)
(44.21762, -76.48624666666667, 177.1, 67.52916683606446, 223.6057534563505, 3.9247967227236957, 2, False, 1425247250.963892)
(44.21762, -76.48624666666667, 177.1, 67.52916683606446, 223.6057534563505, 3.9247967227236957, 2, False, 1425247251.065797)
(44.21762, -76.48624666666667, 177.1, 67.52916683606446, 223.6057534563505, 3.9247967227236957, 2, False, 1425247251.167612)
(44.21762, -76.48624666666667, 177.1, 67.52916683606446, 223.6057534563505, 3.9247967227236957, 2, False, 1425247251.269514)
(44.21762, -76.48624666666667, 177.1, 67.52916683606446, 223.6057534563505, 3.9247967227236957, 2, False, 1425247251.371601)
(44.21762, -76.48624666666667, 177.1, 67.52916683606446, 223.6057534563505, 3.9247967227236957, 2, False, 1425247251.480637)
(44.217616666666665, -76.48624833333334, 177.1, 67.48026530177572, 223.6057534563505, 3.9247967227236957, 2, False, 1425247251.5829)
(44.217616666666665, -76.48624833333334, 177.1, 67.48026530177572, 223.6057534563505, 3.9247967227236957, 2, False, 1425247251.685069)
(44.217616666666665, -76.48624833333334, 177.1, 67.48026530177572, 223.6057534563505, 3.9247967227236957, 2, False, 1425247251.787495)
(44.217616666666665, -76.48624833333334, 177.1, 67.48026530177572, 223.6057534563505, 3.9247967227236957, 2, False, 1425247251.889611)
(44.217616666666665, -76.48624833333334, 177.1, 67.48026530177572, 223.6057534563505, 3.9247967227236957, 2, False, 1425247251.995467)
(44.217616666666665, -76.48624833333334, 177.1, 67.48026530177572, 223.6057534563505, 3.9247967227236957, 2, False, 1425247252.097715)
(44.217616666666665, -76.48624833333334, 177.1, 67.48026530177572, 223.6057534563505, 3.9247967227236957, 2, False, 1425247252.204125)
(44.217616666666665, -76.48624833333334, 177.1, 67.48026530177572, 223.6057534563505, 3.9247967227236957, 2, False, 1425247252.306052)
(44.217616666666665, -76.48624833333334, 177.1, 67.48026530177572, 223.6057534563505, 3.9247967227236957, 2, False, 1425247252.410048)
(44.217616666666665, -76.48624833333334, 177.1, 67.48026530177572, 223.6057534563505, 3.9247967227236957, 2, False, 1425247252.516317)
(44.217616666666665, -76.48624833333334, 177.1, 67.48026530177572, 223.6057534563505, 3.9247967227236957, 2, False, 1425247252.618213)
(44.217616666666665, -76.48624833333334, 177.1, 67.48026530177572, 223.6057534563505, 3.9247967227236957, 2, False, 1425247252.720045)
(44.217616666666665, -76.48624833333334, 177.1, 67.48026530177572, 223.6057534563505, 3.9247967227236957, 2, False, 1425247252.825382)
(44.217616666666665, -76.48624833333334, 177.1, 67.48026530177572, 223.6057534563505, 3.9247967227236957, 2, False, 1425247252.927297)
(44.217616666666665, -76.48624833333334, 177.1, 67.48026530177572, 223.6057534563505, 3.9247967227236957, 2, False, 1425247253.029588)
(44.217616666666665, -76.48624833333334, 177.1, 67.48026530177572, 223.6057534563505, 3.9247967227236957, 2, False, 1425247253.131731)
(44.217616666666665, -76.48624833333334, 177.1, 67.48026530177572, 223.6057534563505, 3.9247967227236957, 2, False, 1425247253.23357)
(44.217616666666665, -76.48624833333334, 177.1, 67.48026530177572, 223.6057534563505, 3.9247967227236957, 2, False, 1425247253.335547)
(44.217616666666665, -76.48624833333334, 177.1, 67.48026530177572, 223.6057534563505, 3.9247967227236957, 2, False, 1425247253.437467)
(44.217616666666665, -76.48624833333334, 177.1, 67.48026530177572, 223.6057534563505, 3.9247967227236957, 2, False, 1425247253.542483)
(44.21761, -76.48625166666666, 177.1, 67.38268911642336, 223.6057534563505, 3.9247967227236957, 2, False, 1425247253.644359)
(44.21761, -76.48625166666666, 177.1, 67.38268911642336, 223.6057534563505, 3.9247967227236957, 2, False, 1425247253.749032)
(44.21761, -76.48625166666666, 177.1, 67.38268911642336, 223.6057534563505, 3.9247967227236957, 2, False, 1425247253.854211)
(44.21761, -76.48625166666666, 177.1, 67.38268911642336, 223.6057534563505, 3.9247967227236957, 2, False, 1425247253.956288)
(44.21761, -76.48625166666666, 177.1, 67.38268911642336, 223.6057534563505, 3.9247967227236957, 2, False, 1425247254.058038)
(44.21761, -76.48625166666666, 177.1, 67.38268911642336, 223.6057534563505, 3.9247967227236957, 2, False, 1425247254.160595)
(44.21761, -76.48625166666666, 177.1, 67.38268911642336, 223.6057534563505, 3.9247967227236957, 2, False, 1425247254.262517)
(44.21761, -76.48625166666666, 177.1, 67.38268911642336, 223.6057534563505, 3.9247967227236957, 2, False, 1425247254.364479)
(44.21761, -76.48625166666666, 177.1, 67.38268911642336, 223.6057534563505, 3.9247967227236957, 2, False, 1425247254.466378)
(44.21761, -76.48625166666666, 177.1, 67.38268911642336, 223.6057534563505, 3.9247967227236957, 2, False, 1425247254.575243)
(44.2176, -76.48625333333334, 177.1, 67.2197190895323, 223.6057534563505, 3.9247967227236957, 2, False, 1425247254.677645)
(44.2176, -76.48625333333334, 177.1, 67.2197190895323, 223.6057534563505, 3.9247967227236957, 2, False, 1425247254.788172)
(44.2176, -76.48625333333334, 177.1, 67.2197190895323, 223.6057534563505, 3.9247967227236957, 2, False, 1425247254.890249)
(44.2176, -76.48625333333334, 177.1, 67.2197190895323, 223.6057534563505, 3.9247967227236957, 2, False, 1425247254.992476)
(44.2176, -76.48625333333334, 177.1, 67.2197190895323, 223.6057534563505, 3.9247967227236957, 2, False, 1425247255.094577)
(44.2176, -76.48625333333334, 177.1, 67.2197190895323, 223.6057534563505, 3.9247967227236957, 2, False, 1425247255.197421)
(44.2176, -76.48625333333334, 177.1, 67.2197190895323, 223.6057534563505, 3.9247967227236957, 2, False, 1425247255.299658)
(44.2176, -76.48625333333334, 177.1, 67.2197190895323, 223.6057534563505, 3.9247967227236957, 2, False, 1425247255.405256)
(44.2176, -76.48625333333334, 177.1, 67.2197190895323, 223.6057534563505, 3.9247967227236957, 2, False, 1425247255.507179)
(44.2176, -76.48625333333334, 177.1, 67.2197190895323, 223.6057534563505, 3.9247967227236957, 2, False, 1425247255.616048)
(44.2176, -76.48625333333334, 177.1, 67.2197190895323, 223.6057534563505, 3.9247967227236957, 2, False, 1425247255.718084)
(44.2176, -76.48625333333334, 177.1, 67.2197190895323, 223.6057534563505, 3.9247967227236957, 2, False, 1425247255.820166)
(44.2176, -76.48625333333334, 177.1, 67.2197190895323, 223.6057534563505, 3.9247967227236957, 2, False, 1425247255.926684)
(44.2176, -76.48625333333334, 177.1, 67.2197190895323, 223.6057534563505, 3.9247967227236957, 2, False, 1425247256.028471)
(44.2176, -76.48625333333334, 177.1, 67.2197190895323, 223.6057534563505, 3.9247967227236957, 2, False, 1425247256.130393)
(44.2176, -76.48625333333334, 177.1, 67.2197190895323, 223.6057534563505, 3.9247967227236957, 2, False, 1425247256.232516)
(44.2176, -76.48625333333334, 177.1, 67.2197190895323, 223.6057534563505, 3.9247967227236957, 2, False, 1425247256.33564)
(44.2176, -76.48625333333334, 177.1, 67.2197190895323, 223.6057534563505, 3.9247967227236957, 2, False, 1425247256.437832)
(44.2176, -76.48625333333334, 177.1, 67.2197190895323, 223.6057534563505, 3.9247967227236957, 2, False, 1425247256.54796)
(44.2176, -76.48625333333334, 177.1, 67.2197190895323, 223.6057534563505, 3.9247967227236957, 2, False, 1425247256.653008)
(44.2176, -76.48625333333334, 177.1, 67.2197190895323, 223.6057534563505, 3.9247967227236957, 2, False, 1425247256.7551)
(44.21758, -76.48626666666667, 177.1, 66.94731906883618, 223.6057534563505, 3.9247967227236957, 2, False, 1425247256.856868)
(44.21758, -76.48626666666667, 177.1, 66.94731906883618, 223.6057534563505, 3.9247967227236957, 2, False, 1425247256.958723)
(44.21758, -76.48626666666667, 177.1, 66.94731906883618, 223.6057534563505, 3.9247967227236957, 2, False, 1425247257.063787)
(44.21758, -76.48626666666667, 177.1, 66.94731906883618, 223.6057534563505, 3.9247967227236957, 2, False, 1425247257.171233)
(44.21758, -76.48626666666667, 177.1, 66.94731906883618, 223.6057534563505, 3.9247967227236957, 2, False, 1425247257.275892)
(44.21758, -76.48626666666667, 177.1, 66.94731906883618, 223.6057534563505, 3.9247967227236957, 2, False, 1425247257.377801)
(44.21758, -76.48626666666667, 177.1, 66.94731906883618, 223.6057534563505, 3.9247967227236957, 2, False, 1425247257.47971)
(44.21758, -76.48626666666667, 177.1, 66.94731906883618, 223.6057534563505, 3.9247967227236957, 2, False, 1425247257.581473)
(44.21758, -76.48626666666667, 177.1, 66.94731906883618, 223.6057534563505, 3.9247967227236957, 2, False, 1425247257.689613)
(44.217571666666664, -76.48627333333333, 177.1, 66.84045258835476, 223.6057534563505, 3.9247967227236957, 2, False, 1425247257.792007)
(44.217571666666664, -76.48627333333333, 177.1, 66.84045258835476, 223.6057534563505, 3.9247967227236957, 2, False, 1425247257.894137)
(44.217571666666664, -76.48627333333333, 177.1, 66.84045258835476, 223.6057534563505, 3.9247967227236957, 2, False, 1425247257.996066)
(44.217571666666664, -76.48627333333333, 177.1, 66.84045258835476, 223.6057534563505, 3.9247967227236957, 2, False, 1425247258.09808)
(44.217571666666664, -76.48627333333333, 177.1, 66.84045258835476, 223.6057534563505, 3.9247967227236957, 2, False, 1425247258.202759)
(44.217571666666664, -76.48627333333333, 177.1, 66.84045258835476, 223.6057534563505, 3.9247967227236957, 2, False, 1425247258.30516)
(44.217571666666664, -76.48627333333333, 177.1, 66.84045258835476, 223.6057534563505, 3.9247967227236957, 2, False, 1425247258.407217)
(44.217571666666664, -76.48627333333333, 177.1, 66.84045258835476, 223.6057534563505, 3.9247967227236957, 2, False, 1425247258.509383)
(44.217571666666664, -76.48627333333333, 177.1, 66.84045258835476, 223.6057534563505, 3.9247967227236957, 2, False, 1425247258.611293)
(44.217571666666664, -76.48627333333333, 177.1, 66.84045258835476, 223.6057534563505, 3.9247967227236957, 2, False, 1425247258.720357)
(44.217571666666664, -76.48627333333333, 177.1, 66.84045258835476, 223.6057534563505, 3.9247967227236957, 2, False, 1425247258.822315)
(44.217571666666664, -76.48627333333333, 224.9, 66.84045258835476, 223.6057534563505, 3.9247967227236957, 2, False, 1425247258.924782)
(44.217571666666664, -76.48627333333333, 224.9, 66.84045258835476, 223.6057534563505, 3.9247967227236957, 2, False, 1425247259.030789)
(44.217571666666664, -76.48627333333333, 224.9, 66.84045258835476, 223.6057534563505, 3.9247967227236957, 2, False, 1425247259.133401)
(44.217571666666664, -76.48627333333333, 224.9, 83.50632221799043, 243.50632221799043, 4.086081630594115, 2, False, 1425247259.23558)
(44.217571666666664, -76.48627333333333, 224.9, 83.50632221799043, 243.50632221799043, 4.086081630594115, 2, False, 1425247259.337607)
(44.217571666666664, -76.48627333333333, 224.9, 83.50632221799043, 243.50632221799043, 4.086081630594115, 2, False, 1425247259.443273)
(44.217571666666664, -76.48627333333333, 224.9, 83.50632221799043, 243.50632221799043, 4.086081630594115, 2, False, 1425247259.545645)
(44.217571666666664, -76.48627333333333, 224.9, 83.50632221799043, 243.50632221799043, 4.086081630594115, 2, False, 1425247259.647925)
(44.217571666666664, -76.48627333333333, 224.9, 83.50632221799043, 243.50632221799043, 4.086081630594115, 2, False, 1425247259.770537)
(44.217571666666664, -76.48627333333333, 224.9, 83.50632221799043, 243.50632221799043, 4.086081630594115, 2, False, 1425247259.875618)
(44.21755666666667, -76.48628, 224.9, 83.50632221799043, 243.50632221799043, 4.086081630594115, 2, False, 1425247259.977791)
(44.21755666666667, -76.48628, 224.9, 83.50632221799043, 243.50632221799043, 4.086081630594115, 2, False, 1425247260.079996)
(44.21755666666667, -76.48628, 224.9, 83.50632221799043, 243.50632221799043, 4.086081630594115, 2, False, 1425247260.184789)
(44.21755666666667, -76.48628, 224.9, 83.50632221799043, 243.50632221799043, 4.086081630594115, 2, False, 1425247260.28694)
(44.21755666666667, -76.48628, 224.9, 83.50632221799043, 243.50632221799043, 4.086081630594115, 2, False, 1425247260.389779)
(44.21755666666667, -76.48628, 224.9, 83.50632221799043, 243.50632221799043, 4.086081630594115, 2, False, 1425247260.492532)
(44.21755666666667, -76.48628, 224.9, 83.50632221799043, 243.50632221799043, 4.086081630594115, 2, False, 1425247260.594741)
(44.21754833333333, -76.48627666666667, 235.8, 83.50632221799043, 243.50632221799043, 4.086081630594115, 2, False, 1425247260.696591)
(44.21754833333333, -76.48627666666667, 235.8, 83.50632221799043, 243.50632221799043, 4.086081630594115, 2, False, 1425247260.804108)
(44.21754833333333, -76.48627666666667, 235.8, 83.50632221799043, 243.50632221799043, 4.086081630594115, 2, False, 1425247260.905986)
(44.21754833333333, -76.48627666666667, 235.8, 106.26025661565654, 266.26025661565654, 4.351644863628013, 2, False, 1425247261.008358)
(44.21754833333333, -76.48627666666667, 235.8, 106.26025661565654, 266.26025661565654, 4.351644863628013, 2, False, 1425247261.112643)
(44.21754833333333, -76.48627666666667, 235.8, 106.26025661565654, 266.26025661565654, 4.351644863628013, 2, False, 1425247261.220174)
(44.21754833333333, -76.48627666666667, 235.8, 66.46368610014008, 283.7519063339951, 4.795201251829633, 2, False, 1425247261.32242)
(44.21754833333333, -76.48627666666667, 235.8, 66.46368610014008, 283.7519063339951, 4.795201251829633, 2, False, 1425247261.424365)
(44.21754833333333, -76.48627666666667, 235.8, 66.46368610014008, 283.7519063339951, 4.795201251829633, 2, False, 1425247261.526384)
(44.21754833333333, -76.48627666666667, 235.8, 66.46368610014008, 283.7519063339951, 4.795201251829633, 2, False, 1425247261.628103)
(44.21754833333333, -76.48627666666667, 235.8, 66.46368610014008, 283.7519063339951, 4.795201251829633, 2, False, 1425247261.729956)
(44.21754833333333, -76.48627666666667, 235.8, 66.46368610014008, 283.7519063339951, 4.795201251829633, 2, False, 1425247261.835226)
(44.21754833333333, -76.48627666666667, 235.8, 66.46368610014008, 283.7519063339951, 4.795201251829633, 2, False, 1425247261.940036)
(44.21754833333333, -76.48627666666667, 229.6, 66.46368610014008, 283.7519063339951, 4.795201251829633, 2, False, 1425247262.041926)
(44.21754833333333, -76.48627666666667, 229.6, 66.46368610014008, 283.7519063339951, 4.795201251829633, 2, False, 1425247262.145709)
(44.21754833333333, -76.48627666666667, 229.6, 66.46368610014008, 283.7519063339951, 4.795201251829633, 2, False, 1425247262.248127)
(44.21754833333333, -76.48627666666667, 229.6, 66.46368610014008, 285.3677337926831, 5.783462123533392, 2, False, 1425247262.350548)
(44.21754833333333, -76.48627666666667, 229.6, 66.46368610014008, 285.3677337926831, 5.783462123533392, 2, False, 1425247262.45269)
(44.21754833333333, -76.48627666666667, 229.6, 66.46368610014008, 285.3677337926831, 5.783462123533392, 2, False, 1425247262.557715)
(44.21754833333333, -76.48627666666667, 229.6, 66.46368610014008, 285.3677337926831, 5.783462123533392, 2, False, 1425247262.659821)
(44.21753833333333, -76.48628666666667, 229.6, 66.34824887725432, 285.3677337926831, 5.783462123533392, 2, False, 1425247262.762184)
(44.21753833333333, -76.48628666666667, 229.6, 66.34824887725432, 285.3677337926831, 5.783462123533392, 2, False, 1425247262.872743)
(44.21753833333333, -76.48628666666667, 229.6, 66.34824887725432, 285.3677337926831, 5.783462123533392, 2, False, 1425247262.974706)
(44.21753833333333, -76.48628666666667, 229.6, 66.34824887725432, 285.3677337926831, 5.783462123533392, 2, False, 1425247263.076914)
(44.21753833333333, -76.48628666666667, 229.6, 66.34824887725432, 285.3677337926831, 5.783462123533392, 2, False, 1425247263.17893)
(44.21753833333333, -76.48628666666667, 229.6, 66.34824887725432, 285.3677337926831, 5.783462123533392, 2, False, 1425247263.280894)
(44.21753833333333, -76.48628666666667, 226.5, 66.34824887725432, 285.3677337926831, 5.783462123533392, 2, False, 1425247263.382842)
(44.21753833333333, -76.48628666666667, 226.5, 66.34824887725432, 285.3677337926831, 5.783462123533392, 2, False, 1425247263.485008)
(44.21753833333333, -76.48628666666667, 226.5, 66.34824887725432, 285.3677337926831, 5.783462123533392, 2, False, 1425247263.587092)
(44.217528333333334, -76.48628833333333, 226.5, 66.18960846433197, 283.1392835695395, 6.590498196711897, 2, False, 1425247263.688957)
(44.217528333333334, -76.48628833333333, 226.5, 66.18960846433197, 283.1392835695395, 6.590498196711897, 2, False, 1425247263.790927)
(44.217528333333334, -76.48628833333333, 226.5, 66.18960846433197, 283.1392835695395, 6.590498196711897, 2, False, 1425247263.897113)
(44.217528333333334, -76.48628833333333, 226.5, 66.18960846433197, 283.1392835695395, 6.590498196711897, 2, False, 1425247263.999079)
(44.217528333333334, -76.48628833333333, 226.5, 66.18960846433197, 283.1392835695395, 6.590498196711897, 2, False, 1425247264.100843)
(44.217528333333334, -76.48628833333333, 226.5, 66.18960846433197, 283.1392835695395, 6.590498196711897, 2, False, 1425247264.202776)
(44.217528333333334, -76.48628833333333, 226.5, 66.18960846433197, 283.1392835695395, 6.590498196711897, 2, False, 1425247264.305088)
(44.217528333333334, -76.48628833333333, 226.5, 66.18960846433197, 281.3127054895345, 7.006495580624129, 2, False, 1425247264.407)
(44.217528333333334, -76.48628833333333, 226.5, 66.18960846433197, 281.3127054895345, 7.006495580624129, 2, False, 1425247264.509577)
(44.217528333333334, -76.48628833333333, 226.5, 66.18960846433197, 281.3127054895345, 7.006495580624129, 2, False, 1425247264.611858)
(44.217528333333334, -76.48628833333333, 226.5, 66.18960846433197, 281.3127054895345, 7.006495580624129, 2, False, 1425247264.715881)
(44.217528333333334, -76.48628833333333, 226.5, 66.18960846433197, 281.3127054895345, 7.006495580624129, 2, False, 1425247264.820335)
(44.217528333333334, -76.48628833333333, 226.5, 66.18960846433197, 281.3127054895345, 7.006495580624129, 2, False, 1425247264.925549)
(44.217528333333334, -76.48628833333333, 226.5, 66.18960846433197, 281.3127054895345, 7.006495580624129, 2, False, 1425247265.032593)
(44.217528333333334, -76.48628833333333, 224.6, 66.18960846433197, 281.3127054895345, 7.006495580624129, 2, False, 1425247265.134689)
(44.217528333333334, -76.48628833333333, 224.6, 66.18960846433197, 279.96920087631474, 7.120218323056377, 2, False, 1425247265.236936)
(44.217528333333334, -76.48628833333333, 224.6, 66.18960846433197, 279.96920087631474, 7.120218323056377, 2, False, 1425247265.339082)
(44.217528333333334, -76.48628833333333, 224.6, 66.18960846433197, 279.96920087631474, 7.120218323056377, 2, False, 1425247265.44511)
(44.217528333333334, -76.48628833333333, 224.6, 66.18960846433197, 279.96920087631474, 7.120218323056377, 2, False, 1425247265.547191)
(44.217528333333334, -76.48628833333333, 224.6, 66.18960846433197, 279.96920087631474, 7.120218323056377, 2, False, 1425247265.652956)
(44.217528333333334, -76.48628833333333, 224.6, 66.18960846433197, 279.96920087631474, 7.120218323056377, 2, False, 1425247265.75635)
(44.21751, -76.48629166666667, 224.6, 65.90159454638729, 279.96920087631474, 7.120218323056377, 2, False, 1425247265.85846)
(44.21751, -76.48629166666667, 224.6, 65.90159454638729, 279.96920087631474, 7.120218323056377, 2, False, 1425247265.963785)
(44.21751, -76.48629166666667, 224.6, 65.90159454638729, 279.96920087631474, 7.120218323056377, 2, False, 1425247266.06621)
(44.21751, -76.48629166666667, 224.6, 65.90159454638729, 279.96920087631474, 7.120218323056377, 2, False, 1425247266.168283)
(44.21751, -76.48629166666667, 224.6, 65.90159454638729, 279.96920087631474, 7.120218323056377, 2, False, 1425247266.271488)
(44.21751, -76.48629166666667, 224.6, 65.90159454638729, 279.96920087631474, 7.120218323056377, 2, False, 1425247266.373532)
(44.21751, -76.48629166666667, 224.6, 65.90159454638729, 279.96920087631474, 7.120218323056377, 2, False, 1425247266.475607)
(44.21751, -76.48629166666667, 224.6, 65.90159454638729, 279.96920087631474, 7.120218323056377, 2, False, 1425247266.581269)
(44.21751, -76.48629166666667, 224.6, 65.90159454638729, 279.96920087631474, 7.120218323056377, 2, False, 1425247266.683205)
(44.21751, -76.48629166666667, 224.6, 65.90159454638729, 279.96920087631474, 7.120218323056377, 2, False, 1425247266.785256)
(44.217505, -76.48629666666666, 224.6, 65.84518869935681, 279.96920087631474, 7.120218323056377, 2, False, 1425247266.887943)
(44.217505, -76.48629666666666, 224.6, 65.84518869935681, 279.96920087631474, 7.120218323056377, 2, False, 1425247266.996891)
(44.217505, -76.48629666666666, 224.6, 65.84518869935681, 279.96920087631474, 7.120218323056377, 2, False, 1425247267.098767)
(44.217505, -76.48629666666666, 224.6, 65.84518869935681, 279.96920087631474, 7.120218323056377, 2, False, 1425247267.200818)
(44.217505, -76.48629666666666, 224.6, 65.84518869935681, 279.96920087631474, 7.120218323056377, 2, False, 1425247267.307042)
(44.217505, -76.48629666666666, 224.6, 65.84518869935681, 279.96920087631474, 7.120218323056377, 2, False, 1425247267.409559)
(44.217505, -76.48629666666666, 224.6, 65.84518869935681, 279.96920087631474, 7.120218323056377, 2, False, 1425247267.512249)
(44.217505, -76.48629666666666, 224.6, 65.84518869935681, 279.96920087631474, 7.120218323056377, 2, False, 1425247267.614075)
(44.217505, -76.48629666666666, 224.6, 65.84518869935681, 279.96920087631474, 7.120218323056377, 2, False, 1425247267.716021)
(44.217505, -76.48629666666666, 224.6, 65.84518869935681, 279.96920087631474, 7.120218323056377, 2, False, 1425247267.818047)
(44.217505, -76.48629666666666, 224.6, 65.84518869935681, 279.96920087631474, 7.120218323056377, 2, False, 1425247267.922751)
(44.217505, -76.48629666666666, 224.6, 65.84518869935681, 279.96920087631474, 7.120218323056377, 2, False, 1425247268.027525)
(44.217505, -76.48629666666666, 224.6, 65.84518869935681, 279.96920087631474, 7.120218323056377, 2, False, 1425247268.129425)
(44.217505, -76.48629666666666, 224.6, 65.84518869935681, 279.96920087631474, 7.120218323056377, 2, False, 1425247268.236484)
(44.217505, -76.48629666666666, 224.6, 65.84518869935681, 279.96920087631474, 7.120218323056377, 2, False, 1425247268.33882)
(44.217505, -76.48629666666666, 224.6, 65.84518869935681, 279.96920087631474, 7.120218323056377, 2, False, 1425247268.441075)
(44.217505, -76.48629666666666, 224.6, 65.84518869935681, 279.96920087631474, 7.120218323056377, 2, False, 1425247268.542873)
(44.217505, -76.48629666666666, 224.6, 65.84518869935681, 279.96920087631474, 7.120218323056377, 2, False, 1425247268.649567)
(44.217505, -76.48629666666666, 224.6, 65.84518869935681, 279.96920087631474, 7.120218323056377, 2, False, 1425247268.755523)
(44.21749666666667, -76.48631666666667, 224.6, 65.81372519102354, 279.96920087631474, 7.120218323056377, 2, False, 1425247268.857738)
(44.21749666666667, -76.48631666666667, 224.6, 65.81372519102354, 279.96920087631474, 7.120218323056377, 2, False, 1425247268.960801)
(44.21749666666667, -76.48631666666667, 224.6, 65.81372519102354, 279.96920087631474, 7.120218323056377, 2, False, 1425247269.066146)
(44.21749666666667, -76.48631666666667, 224.6, 65.81372519102354, 279.96920087631474, 7.120218323056377, 2, False, 1425247269.167987)
(44.21749666666667, -76.48631666666667, 224.6, 65.81372519102354, 279.96920087631474, 7.120218323056377, 2, False, 1425247269.271655)
(44.21749666666667, -76.48631666666667, 224.6, 65.81372519102354, 279.96920087631474, 7.120218323056377, 2, False, 1425247269.373768)
(44.21749666666667, -76.48631666666667, 224.6, 65.81372519102354, 279.96920087631474, 7.120218323056377, 2, False, 1425247269.475597)
(44.21749666666667, -76.48631666666667, 224.6, 65.81372519102354, 279.96920087631474, 7.120218323056377, 2, False, 1425247269.57762)
(44.21749666666667, -76.48631666666667, 224.6, 65.81372519102354, 279.96920087631474, 7.120218323056377, 2, False, 1425247269.681008)
(44.21749666666667, -76.48631666666667, 224.6, 65.81372519102354, 279.96920087631474, 7.120218323056377, 2, False, 1425247269.787196)
(44.21749333333333, -76.48631833333333, 224.6, 65.76759766224012, 279.96920087631474, 7.120218323056377, 2, False, 1425247269.890204)
(44.21749333333333, -76.48631833333333, 224.6, 65.76759766224012, 279.96920087631474, 7.120218323056377, 2, False, 1425247269.992332)
(44.21749333333333, -76.48631833333333, 224.6, 65.76759766224012, 279.96920087631474, 7.120218323056377, 2, False, 1425247270.097791)
(44.21749333333333, -76.48631833333333, 224.6, 65.76759766224012, 279.96920087631474, 7.120218323056377, 2, False, 1425247270.199844)
(44.21749333333333, -76.48631833333333, 224.6, 65.76759766224012, 279.96920087631474, 7.120218323056377, 2, False, 1425247270.301867)
(44.21749333333333, -76.48631833333333, 224.6, 65.76759766224012, 279.96920087631474, 7.120218323056377, 2, False, 1425247270.403814)
(44.21749333333333, -76.48631833333333, 224.6, 65.76759766224012, 279.96920087631474, 7.120218323056377, 2, False, 1425247270.509375)
(44.21749333333333, -76.48631833333333, 224.6, 65.76759766224012, 279.96920087631474, 7.120218323056377, 2, False, 1425247270.611751)
(44.21749333333333, -76.48631833333333, 224.6, 65.76759766224012, 279.96920087631474, 7.120218323056377, 2, False, 1425247270.713976)
(44.21749333333333, -76.48631833333333, 224.6, 65.76759766224012, 279.96920087631474, 7.120218323056377, 2, False, 1425247270.815903)
(44.21749333333333, -76.48631833333333, 224.6, 65.76759766224012, 279.96920087631474, 7.120218323056377, 2, False, 1425247270.917952)
(44.21749333333333, -76.48631833333333, 227.0, 65.76759766224012, 279.96920087631474, 7.120218323056377, 2, False, 1425247271.02004)
(44.21749333333333, -76.48631833333333, 227.0, 65.76759766224012, 279.96920087631474, 7.120218323056377, 2, False, 1425247271.130482)
(44.21749333333333, -76.48631833333333, 227.0, 65.76759766224012, 279.96920087631474, 7.120218323056377, 2, False, 1425247271.232891)
(44.21749333333333, -76.48631833333333, 227.0, 65.76759766224012, 279.1335333017347, 7.532586390653541, 2, False, 1425247271.335268)
(44.21749333333333, -76.48631833333333, 227.0, 65.76759766224012, 279.1335333017347, 7.532586390653541, 2, False, 1425247271.437941)
(44.21749333333333, -76.48631833333333, 227.0, 65.76759766224012, 279.1335333017347, 7.532586390653541, 2, False, 1425247271.542421)
(44.217486666666666, -76.486315, 227.0, 65.63998668182637, 279.1335333017347, 7.532586390653541, 2, False, 1425247271.645068)
(44.217486666666666, -76.486315, 227.0, 65.63998668182637, 279.1335333017347, 7.532586390653541, 2, False, 1425247271.74735)
(44.217486666666666, -76.486315, 227.0, 65.63998668182637, 279.1335333017347, 7.532586390653541, 2, False, 1425247271.852869)
(44.217486666666666, -76.486315, 227.0, 65.63998668182637, 279.1335333017347, 7.532586390653541, 2, False, 1425247271.95574)
(44.217486666666666, -76.486315, 227.0, 65.63998668182637, 279.1335333017347, 7.532586390653541, 2, False, 1425247272.05777)
(44.217486666666666, -76.486315, 227.0, 65.63998668182637, 279.1335333017347, 7.532586390653541, 2, False, 1425247272.165471)
(44.217486666666666, -76.486315, 227.0, 65.63998668182637, 279.1335333017347, 7.532586390653541, 2, False, 1425247272.267227)
(44.217486666666666, -76.486315, 227.0, 65.63998668182637, 279.1335333017347, 7.532586390653541, 2, False, 1425247272.369562)
(44.217486666666666, -76.486315, 227.0, 65.63998668182637, 279.1335333017347, 7.532586390653541, 2, False, 1425247272.475192)
(44.217486666666666, -76.486315, 227.0, 65.63998668182637, 279.1335333017347, 7.532586390653541, 2, False, 1425247272.577084)
(44.217481666666664, -76.48631666666667, 226.1, 65.56663049778012, 279.61532097178565, 7.852243062044349, 2, False, 1425247272.678843)
(44.217481666666664, -76.48631666666667, 226.1, 65.56663049778012, 279.61532097178565, 7.852243062044349, 2, False, 1425247272.780742)
(44.217481666666664, -76.48631666666667, 226.1, 65.56663049778012, 279.61532097178565, 7.852243062044349, 2, False, 1425247272.885947)
(44.217481666666664, -76.48631666666667, 226.1, 65.56663049778012, 279.61532097178565, 7.852243062044349, 2, False, 1425247272.987746)
(44.217481666666664, -76.48631666666667, 226.1, 65.56663049778012, 279.61532097178565, 7.852243062044349, 2, False, 1425247273.098665)
(44.217481666666664, -76.48631666666667, 226.1, 65.56663049778012, 279.61532097178565, 7.852243062044349, 2, False, 1425247273.203873)
(44.2174816666