(0, -10, 0, 0, 230, 0, 2, True, 1425243020.928641)
(0, -10, 0, 0, 230, 0, 2, True, 1425243021.040031)
(0, -10, 0, 0, 230, 0, 2, True, 1425243021.141898)
(0, -10, 0, 0, 230, 0, 2, True, 1425243021.243444)
(0, -10, 0, 0, 230, 0, 2, True, 1425243021.352056)
(0, -10, 0, 0, 230, 0, 2, True, 1425243021.457517)
(0, -10, 0, 0, 230, 0, 2, True, 1425243021.559387)
(0, -10, 0, 0, 230, 0, 2, True, 1425243021.661839)
(0, -10, 0, 0, 230, 0, 2, True, 1425243021.76473)
(0, -10, 0, 0, 230, 0, 2, True, 1425243021.866682)
(0, -10, 0, 240.74078138718176, 230, 0, 2, True, 1425243027.51929)
(0, -10, 0, 240.74078138718176, 230, 0, 2, True, 1425243027.621216)
(0, -10, 0, 240.74078138718176, 230, 0, 2, True, 1425243027.723091)
(0, -10, 0, 240.74078138718176, 230, 0, 2, True, 1425243027.825501)
(0, -10, 0, 240.74078138718176, 230, 0, 2, True, 1425243027.927586)
(0, -10, 0, 240.74078138718176, 230, 0, 2, True, 1425243028.03101)
(0, -10, 0, 240.74078138718176, 230, 0, 2, True, 1425243028.132947)
(0, -10, 0, 240.74078138718176, 230, 0, 2, True, 1425243028.23817)
(0, -10, 0, 240.74078138718176, 230, 0, 2, True, 1425243028.340115)
(0, -10, 0, 240.74078138718176, 230, 0, 2, True, 1425243028.445948)
