(0, -10, 0, 0, 230, 0, 2, False, 1425244192.471458)
(0, -10, 0, 0, 230, 0, 2, False, 1425244192.572286)
(0, -10, 0, 0, 230, 0, 2, False, 1425244192.673154)
(0, -10, 0, 0, 230, 0, 2, False, 1425244192.778105)
(0, -10, 0, 0, 230, 0, 2, False, 1425244192.880703)
(0, -10, 0, 0, 230, 0, 2, False, 1425244192.981888)
(0, -10, 0, 0, 230, 0, 2, False, 1425244193.093631)
(0, -10, 0, 0, 230, 0, 2, False, 1425244193.1956)
(0, -10, 0, 0, 230, 0, 2, False, 1425244193.29805)
(0, -10, 0, 0, 230, 0, 2, False, 1425244193.40042)
(0, -10, 0, 0, 230, 0, 2, False, 1425244193.504442)
(0, -10, 0, 0, 230, 0, 2, False, 1425244193.606422)
(0, -10, 0, 0, 230, 0, 2, False, 1425244193.708052)
(0, -10, 0, 0, 230, 0, 2, False, 1425244193.810535)
(0, -10, 0, 0, 230, 0, 2, False, 1425244193.912425)
(0, -10, 0, 0, 230, 0, 2, False, 1425244194.014353)
(0, -10, 0, 0, 230, 0, 2, False, 1425244194.120135)
(0, -10, 0, 0, 230, 0, 2, False, 1425244194.222625)
(0, -10, 0, 0, 230, 0, 2, False, 1425244194.324997)
(0, -10, 0, 0, 230, 0, 2, False, 1425244194.427112)
(0, -10, 0, 0, 230, 0, 2, False, 1425244194.531287)
(0, -10, 0, 0, 230, 0, 2, False, 1425244194.633624)
(0, -10, 0, 0, 230, 0, 2, False, 1425244194.735423)
(0, -10, 0, 0, 230, 0, 2, False, 1425244194.837421)
(0, -10, 0, 0, 230, 0, 2, False, 1425244194.939358)
(0, -10, 0, 0, 230, 0, 2, False, 1425244195.041712)
(0, -10, 0, 0, 230, 0, 2, False, 1425244195.143513)
(0, -10, 0, 0, 230, 0, 2, False, 1425244195.247147)
(0, -10, 0, 0, 230, 0, 2, False, 1425244195.350727)
(0, -10, 0, 0, 230, 0, 2, False, 1425244195.453275)
(0, -10, 0, 0, 230, 0, 2, False, 1425244195.557324)
(0, -10, 0, 0, 230, 0, 2, False, 1425244195.658996)
(0, -10, 0, 0, 230, 0, 2, False, 1425244195.760675)
(0, -10, 0, 0, 230, 0, 2, False, 1425244195.863185)
(0, -10, 0, 0, 230, 0, 2, False, 1425244195.965159)
(0, -10, 0, 0, 230, 0, 2, False, 1425244196.067168)
(0, -10, 0, 0, 230, 0, 2, False, 1425244196.173845)
(0, -10, 0, 0, 230, 0, 2, False, 1425244196.276064)
(0, -10, 0, 0, 230, 0, 2, False, 1425244196.378163)
(0, -10, 0, 0, 230, 0, 2, False, 1425244196.483144)
(0, -10, 0, 0, 230, 0, 2, False, 1425244196.586972)
(0, -10, 0, 0, 230, 0, 2, False, 1425244196.690278)
(0, -10, 0, 0, 230, 0, 2, False, 1425244196.795705)
(0, -10, 0, 0, 230, 0, 2, False, 1425244196.897685)
(0, -10, 0, 0, 230, 0, 2, False, 1425244196.999837)
(0, -10, 0, 0, 230, 0, 2, False, 1425244197.101806)
(0, -10, 0, 0, 230, 0, 2, False, 1425244197.204088)
(0, -10, 0, 0, 230, 0, 2, False, 1425244197.306451)
(0, -10, 0, 0, 230, 0, 2, False, 1425244197.410394)
(0, -10, 0, 0, 230, 0, 2, False, 1425244197.512211)
(0, -10, 0, 0, 230, 0, 2, False, 1425244197.616457)
(0, -10, 0, 0, 230, 0, 2, False, 1425244197.71868)
(0, -10, 0, 0, 230, 0, 2, False, 1425244197.823063)
(0, -10, 0, 0, 230, 0, 2, False, 1425244197.924675)
(0, -10, 0, 0, 230, 0, 2, False, 1425244198.027339)
(0, -10, 0, 0, 230, 0, 2, False, 1425244198.129307)
(0, -10, 0, 0, 230, 0, 2, False, 1425244198.231243)
(0, -10, 0, 0, 230, 0, 2, False, 1425244198.332943)
(0, -10, 0, 0, 230, 0, 2, False, 1425244198.435373)
(0, -10, 0, 0, 230, 0, 2, False, 1425244198.537394)
(0, -10, 0, 0, 230, 0, 2, False, 1425244198.641505)
(0, -10, 0, 0, 230, 0, 2, False, 1425244198.744358)
(0, -10, 0, 0, 230, 0, 2, False, 1425244198.846532)
(0, -10, 0, 0, 230, 0, 2, False, 1425244198.948344)
(0, -10, 0, 0, 230, 0, 2, False, 1425244199.050464)
(0, -10, 0, 0, 230, 0, 2, False, 1425244199.156445)
(0, -10, 0, 0, 230, 0, 2, False, 1425244199.258789)
(0, -10, 0, 0, 230, 0, 2, False, 1425244199.361382)
(0, -10, 0, 0, 230, 0, 2, False, 1425244199.463501)
(0, -10, 0, 0, 230, 0, 2, False, 1425244199.568695)
(0, -10, 0, 0, 230, 0, 2, False, 1425244199.67288)
(0, -10, 0, 0, 230, 0, 2, False, 1425244199.774811)
(0, -10, 0, 0, 230, 0, 2, False, 1425244199.880127)
(0, -10, 0, 0, 230, 0, 2, False, 1425244199.982318)
(0, -10, 0, 0, 230, 0, 2, False, 1425244200.084588)
(0, -10, 0, 0, 230, 0, 2, False, 1425244200.186501)
(0, -10, 0, 0, 230, 0, 2, False, 1425244200.288463)
(0, -10, 0, 0, 230, 0, 2, False, 1425244200.390869)
(0, -10, 0, 0, 230, 0, 2, False, 1425244200.492986)
(0, -10, 0, 0, 230, 0, 2, False, 1425244200.595692)
(0, -10, 0, 0, 230, 0, 2, False, 1425244200.699768)
(0, -10, 0, 0, 230, 0, 2, False, 1425244200.803596)
