(0, -10, 0, 316.70194798219575, 230, 0, 2, False, 1425246689.288065)
(0, -10, 0, 316.70194798219575, 230, 0, 2, False, 1425246689.389419)
(0, -10, 0, 316.70194798219575, 230, 0, 2, False, 1425246689.490251)
(0, -10, 0, 316.70194798219575, 230, 0, 2, False, 1425246689.591143)
(0, -10, 0, 316.70194798219575, 230, 0, 2, False, 1425246689.692294)
(0, -10, 0, 316.70194798219575, 230, 0, 2, False, 1425246689.794907)
(0, -10, 0, 316.70194798219575, 230, 0, 2, False, 1425246689.895935)
(0, -10, 0, 316.70194798219575, 230, 0, 2, False, 1425246690.000495)
(0, -10, 0, 316.70194798219575, 230, 0, 2, False, 1425246690.101619)
(0, -10, 0, 316.70194798219575, 230, 0, 2, False, 1425246690.204836)
(0, -10, 0, 316.70194798219575, 230, 0, 2, False, 1425246690.321025)
(0, -10, 0, 316.70194798219575, 230, 0, 2, False, 1425246690.424112)
(0, -10, 0, 316.70194798219575, 230, 0, 2, False, 1425246690.526156)
(0, -10, 0, 316.70194798219575, 230, 0, 2, False, 1425246690.627848)
(0, -10, 0, 316.70194798219575, 230, 0, 2, False, 1425246690.73053)
(0, -10, 0, 316.70194798219575, 230, 0, 2, False, 1425246690.83466)
(0, -10, 0, 316.70194798219575, 230, 0, 2, False, 1425246690.937707)
(0, -10, 0, 316.70194798219575, 230, 0, 2, False, 1425246691.039507)
(0, -10, 0, 316.70194798219575, 230, 0, 2, False, 1425246691.14139)
(0, -10, 0, 316.70194798219575, 230, 0, 2, False, 1425246691.243139)
(0, -10, 0, 316.70194798219575, 230, 0, 2, False, 1425246691.356064)
(0, -10, 0, 316.70194798219575, 230, 0, 2, True, 1425246691.457964)
(0, -10, 0, 316.70194798219575, 230, 0, 2, True, 1425246691.560182)
(0, -10, 0, 316.70194798219575, 230, 0, 2, True, 1425246691.662493)
(0, -10, 0, 316.70194798219575, 230, 0, 2, True, 1425246691.764391)
(0, -10, 0, 316.70194798219575, 230, 0, 2, True, 1425246691.877623)
(0, -10, 0, 316.70194798219575, 230, 0, 2, True, 1425246691.979663)
(0, -10, 0, 316.70194798219575, 230, 0, 2, True, 1425246692.081611)
(0, -10, 0, 316.70194798219575, 230, 0, 2, True, 1425246692.187845)
(0, -10, 0, 316.70194798219575, 230, 0, 2, True, 1425246692.290144)
(0, -10, 0, 316.70194798219575, 230, 0, 2, True, 1425246692.402819)
(0, -10, 0, 316.70194798219575, 230, 0, 2, True, 1425246692.50483)
(0, -10, 0, 316.70194798219575, 230, 0, 2, True, 1425246692.611565)
(0, -10, 0, 316.70194798219575, 230, 0, 2, True, 1425246692.71357)
(0, -10, 0, 316.70194798219575, 230, 0, 2, True, 1425246692.815581)
(0, -10, 0, 316.70194798219575, 230, 0, 2, True, 1425246692.919623)
(0, -10, 0, 316.70194798219575, 230, 0, 2, True, 1425246693.023879)
(0, -10, 0, 316.70194798219575, 230, 0, 2, True, 1425246693.125761)
(0, -10, 0, 316.70194798219575, 230, 0, 2, True, 1425246693.227722)
(0, -10, 0, 316.70194798219575, 230, 0, 2, True, 1425246693.330002)
(0, -10, 0, 316.70194798219575, 230, 0, 2, True, 1425246693.44081)
(0, -10, 0, 316.70194798219575, 230, 0, 2, True, 1425246693.543069)
(0, -10, 0, 316.70194798219575, 230, 0, 2, True, 1425246693.64729)
(0, -10, 0, 316.70194798219575, 230, 0, 2, True, 1425246693.750594)
(0, -10, 0, 316.70194798219575, 230, 0, 2, True, 1425246693.860648)
(0, -10, 0, 316.70194798219575, 230, 0, 2, True, 1425246693.964913)
(0, -10, 0, 316.70194798219575, 230, 0, 2, True, 1425246694.066873)
(0, -10, 0, 316.70194798219575, 230, 0, 2, True, 1425246694.172455)
(0, -10, 0, 316.70194798219575, 230, 0, 2, True, 1425246694.274336)
(0, -10, 0, 316.70194798219575, 230, 0, 2, True, 1425246694.376586)
(0, -10, 0, 316.70194798219575, 230, 0, 2, True, 1425246694.487001)
(0, -10, 0, 316.70194798219575, 230, 0, 2, True, 1425246694.594108)
(0, -10, 0, 316.70194798219575, 230, 0, 2, True, 1425246694.704558)
(0, -10, 0, 316.70194798219575, 230, 0, 2, True, 1425246694.809059)
(0, -10, 0, 316.70194798219575, 230, 0, 2, True, 1425246694.911037)
(0, -10, 0, 316.70194798219575, 230, 0, 2, True, 1425246695.016845)
(0, -10, 0, 316.70194798219575, 230, 0, 2, True, 1425246695.119056)
(0, -10, 0, 316.70194798219575, 230, 0, 2, True, 1425246695.223148)
(0, -10, 0, 316.70194798219575, 230, 0, 2, True, 1425246695.325223)
(0, -10, 0, 316.70194798219575, 230, 0, 2, True, 1425246695.427205)
(0, -10, 0, 316.70194798219575, 230, 0, 2, True, 1425246695.537671)
(0, -10, 0, 316.70194798219575, 230, 0, 2, True, 1425246695.640989)
(0, -10, 0, 316.70194798219575, 230, 0, 2, True, 1425246695.743027)
(0, -10, 0, 316.70194798219575, 230, 0, 2, True, 1425246695.844851)
(0, -10, 0, 316.70194798219575, 230, 0, 2, True, 1425246695.949493)
(0, -10, 0, 316.70194798219575, 230, 0, 2, True, 1425246696.054089)
(0, -10, 0, 316.70194798219575, 230, 0, 2, True, 1425246696.156299)
(0, -10, 0, 316.70194798219575, 230, 0, 2, True, 1425246696.258364)
(0, -10, 0, 316.70194798219575, 230, 0, 2, True, 1425246696.360363)
(0, -10, 0, 316.70194798219575, 230, 0, 2, True, 1425246696.462156)
(0, -10, 0, 316.70194798219575, 230, 0, 2, True, 1425246696.576908)
(0, -10, 0, 316.70194798219575, 230, 0, 2, True, 1425246696.682848)
(0, -10, 0, 316.70194798219575, 230, 0, 2, True, 1425246696.785355)
(0, -10, 0, 316.70194798219575, 230, 0, 2, True, 1425246696.887316)
(0, -10, 0, 316.70194798219575, 230, 0, 2, True, 1425246696.989196)
(0, -10, 0, 316.70194798219575, 230, 0, 2, True, 1425246697.093149)
(0, -10, 0, 316.70194798219575, 230, 0, 2, True, 1425246697.196021)
(0, -10, 0, 316.70194798219575, 230, 0, 2, True, 1425246697.299784)
(0, -10, 0, 316.70194798219575, 230, 0, 2, True, 1425246697.4027)
(0, -10, 0, 316.70194798219575, 230, 0, 2, True, 1425246697.504584)
(0, -10, 0, 316.70194798219575, 230, 0, 2, True, 1425246697.61653)
(0, -10, 0, 316.70194798219575, 230, 0, 2, True, 1425246697.719243)
(0, -10, 0, 316.70194798219575, 230, 0, 2, True, 1425246697.821268)
(0, -10, 0, 316.70194798219575, 230, 0, 2, True, 1425246697.923035)
(0, -10, 0, 316.70194798219575, 230, 0, 2, True, 1425246698.026152)
(0, -10, 0, 316.70194798219575, 230, 0, 2, True, 1425246698.130355)
(0, -10, 0, 316.70194798219575, 230, 0, 2, True, 1425246698.232716)
(0, -10, 0, 316.70194798219575, 230, 0, 2, True, 1425246698.337634)
(0, -10, 0, 316.70194798219575, 230, 0, 2, True, 1425246698.439883)
(0, -10, 0, 316.70194798219575, 230, 0, 2, True, 1425246698.541924)
(0, -10, 0, 316.70194798219575, 230, 0, 2, True, 1425246698.658758)
(0, -10, 0, 316.70194798219575, 230, 0, 2, True, 1425246698.761206)
(0, -10, 0, 316.70194798219575, 230, 0, 2, True, 1425246698.863396)
(0, -10, 0, 316.70194798219575, 230, 0, 2, True, 1425246698.965528)
(0, -10, 0, 316.70194798219575, 230, 0, 2, True, 1425246699.067704)
(0, -10, 0, 316.70194798219575, 230, 0, 2, True, 1425246699.171602)
(0, -10, 0, 316.70194798219575, 230, 0, 2, True, 1425246699.274706)
(0, -10, 0, 316.70194798219575, 230, 0, 2, True, 1425246699.377162)
(0, -10, 0, 316.70194798219575, 230, 0, 2, True, 1425246699.479267)
(0, -10, 0, 316.70194798219575, 230, 0, 2, True, 1425246699.581266)
(0, -10, 0, 316.70194798219575, 230, 0, 2, True, 1425246699.715593)
(0, -10, 0, 316.70194798219575, 230, 0, 2, True, 1425246699.818287)
(0, -10, 0, 316.70194798219575, 230, 0, 2, True, 1425246699.920184)
(0, -10, 0, 316.70194798219575, 230, 0, 2, True, 1425246700.022254)
(0, -10, 0, 316.70194798219575, 230, 0, 2, True, 1425246700.126274)
(0, -10, 0, 316.70194798219575, 230, 0, 2, True, 1425246700.230121)
(0, -10, 0, 316.70194798219575, 230, 0, 2, True, 1425246700.334441)
(0, -10, 0, 316.70194798219575, 230, 0, 2, True, 1425246700.436462)
(0, -10, 0, 316.70194798219575, 230, 0, 2, True, 1425246700.538244)
(0, -10, 0, 316.70194798219575, 230, 0, 2, True, 1425246700.643712)
(0, -10, 0, 316.70194798219575, 230, 0, 2, True, 1425246700.760642)
(0, -10, 0, 316.70194798219575, 230, 0, 2, True, 1425246700.862563)
(0, -10, 0, 316.70194798219575, 230, 0, 2, True, 1425246700.967402)
(0, -10, 0, 316.70194798219575, 230, 0, 2, True, 1425246701.069227)
(0, -10, 0, 316.70194798219575, 230, 0, 2, True, 1425246701.171309)
(0, -10, 0, 316.70194798219575, 230, 0, 2, True, 1425246701.275511)
(0, -10, 0, 316.70194798219575, 230, 0, 2, True, 1425246701.377848)
(0, -10, 0, 316.70194798219575, 230, 0, 2, True, 1425246701.479678)
(0, -10, 0, 316.70194798219575, 230, 0, 2, True, 1425246701.583169)
