(0, -10, 0, 0, 230, 0, 2, False, 1425243882.56571)
(0, -10, 0, 0, 230, 0, 2, False, 1425243882.666778)
(0, -10, 0, 0, 230, 0, 2, False, 1425243882.767873)
(0, -10, 0, 0, 230, 0, 2, False, 1425243882.869511)
(0, -10, 0, 0, 230, 0, 2, False, 1425243882.970685)
(0, -10, 0, 0, 230, 0, 2, False, 1425243883.07237)
(0, -10, 0, 0, 230, 0, 2, False, 1425243883.174549)
(0, -10, 0, 0, 230, 0, 2, False, 1425243883.27639)
(0, -10, 0, 0, 230, 0, 2, False, 1425243883.378383)
(0, -10, 0, 0, 230, 0, 2, False, 1425243883.480713)
(0, -10, 0, 0, 230, 0, 2, False, 1425243883.588187)
(0, -10, 0, 0, 230, 0, 2, False, 1425243883.690258)
(0, -10, 0, 0, 230, 0, 2, False, 1425243883.792486)
(0, -10, 0, 0, 230, 0, 2, False, 1425243883.895386)
(0, -10, 0, 0, 230, 0, 2, False, 1425243883.997271)
(0, -10, 0, 0, 230, 0, 2, False, 1425243884.102276)
(0, -10, 0, 0, 230, 0, 2, False, 1425243884.204067)
(0, -10, 0, 0, 230, 0, 2, False, 1425243884.306388)
(0, -10, 0, 0, 230, 0, 2, False, 1425243884.408347)
(0, -10, 0, 0, 230, 0, 2, False, 1425243884.51426)
(0, -10, 0, 0, 230, 0, 2, False, 1425243884.618102)
(0, -10, 0, 0, 230, 0, 2, False, 1425243884.723402)
(0, -10, 0, 0, 230, 0, 2, False, 1425243884.825372)
(0, -10, 0, 0, 230, 0, 2, False, 1425243884.927748)
(0, -10, 0, 0, 230, 0, 2, False, 1425243885.029876)
(0, -10, 0, 0, 230, 0, 2, False, 1425243885.133703)
(0, -10, 0, 0, 230, 0, 2, False, 1425243885.235527)
(0, -10, 0, 0, 230, 0, 2, False, 1425243885.337657)
(0, -10, 0, 0, 230, 0, 2, False, 1425243885.44176)
(0, -10, 0, 0, 230, 0, 2, False, 1425243885.544443)
(0, -10, 0, 0, 230, 0, 2, False, 1425243885.649365)
(0, -10, 0, 0, 230, 0, 2, False, 1425243885.751134)
(0, -10, 0, 0, 230, 0, 2, False, 1425243885.853411)
(0, -10, 0, 0, 230, 0, 2, False, 1425243885.95538)
