(0, -10, 0, 0, 230, 0, 2, False, 1425244805.342066)
(0, -10, 0, 0, 230, 0, 2, False, 1425244805.448772)
(0, -10, 0, 0, 230, 0, 2, False, 1425244805.54968)
(0, -10, 0, 0, 230, 0, 2, False, 1425244805.650924)
(0, -10, 117.1, 117.1, 230, 0, 2, False, 1425244805.752052)
(0, -10, 117.1, 117.1, 230, 0, 2, False, 1425244805.857123)
(0, -10, 117.1, 117.1, 230, 0, 2, False, 1425244805.962105)
(0, -10, 117.1, 117.1, 230, 0, 2, False, 1425244806.06318)
(0, -10, 116.9, 116.9, 217.5999999937805, 0.15, 2, False, 1425244806.164287)
(0, -10, 116.9, 116.9, 217.5999999937805, 0.15, 2, False, 1425244806.265451)
(0, -10, 116.9, 116.9, 217.5999999937805, 0.15, 2, False, 1425244806.375057)
(0, -10, 116.9, 116.9, 217.5999999937805, 0.15, 2, False, 1425244806.476325)
(0, -10, 116.9, 116.9, 220.08792874446186, 0.1783372301141442, 2, False, 1425244806.577866)
(0, -10, 116.9, 116.9, 220.08792874446186, 0.1783372301141442, 2, False, 1425244806.67914)
(0, -10, 116.9, 116.9, 220.08792874446186, 0.1783372301141442, 2, False, 1425244806.780447)
(0, -10, 116.9, 116.9, 220.08792874446186, 0.1783372301141442, 2, False, 1425244806.885301)
(0, -10, 116.9, 116.9, 220.08792874446186, 0.1783372301141442, 2, False, 1425244806.986484)
(0, -10, 116.9, 116.9, 220.08792874446186, 0.1783372301141442, 2, False, 1425244807.087945)
(0, -10, 116.9, 116.9, 220.08792874446186, 0.1783372301141442, 2, False, 1425244807.194529)
(0, -10, 116.9, 116.9, 220.08792874446186, 0.1783372301141442, 2, False, 1425244807.295716)
(0, -10, 116.9, 116.9, 220.08792874446186, 0.1783372301141442, 2, False, 1425244807.398398)
(0, -10, 116.9, 116.9, 220.08792874446186, 0.1783372301141442, 2, False, 1425244807.499521)
(0, -10, 116.9, 116.9, 220.08792874446186, 0.1783372301141442, 2, False, 1425244807.600577)
(37.231945, -80.42150666666667, 117.2, 117.2, 242.82411989689143, 0.1704699207415537, 2, False, 1425244807.702982)
(37.231945, -80.42150666666667, 117.2, 117.2, 242.82411989689143, 0.1704699207415537, 2, False, 1425244807.804097)
(37.231945, -80.42150666666667, 117.2, 117.2, 242.82411989689143, 0.1704699207415537, 2, False, 1425244807.908522)
(37.231945, -80.42150666666667, 117.2, 117.2, 242.82411989689143, 0.1704699207415537, 2, False, 1425244808.009751)
(37.231945, -80.42150666666667, 117.2, 117.2, 242.82411989689143, 0.1704699207415537, 2, False, 1425244808.111262)
(37.231945, -80.42150666666667, 117.2, 117.2, 242.82411989689143, 0.1704699207415537, 2, False, 1425244808.212703)
(37.231945, -80.42150666666667, 117.2, 117.2, 242.82411989689143, 0.1704699207415537, 2, False, 1425244808.314263)
(37.231945, -80.42150666666667, 117.2, 117.2, 242.82411989689143, 0.1704699207415537, 2, False, 1425244808.416599)
(37.231945, -80.42150666666667, 117.2, 117.2, 242.82411989689143, 0.1704699207415537, 2, False, 1425244808.521666)
(37.231945, -80.42150666666667, 117.2, 117.2, 242.82411989689143, 0.1704699207415537, 2, False, 1425244808.623111)
(37.231945, -80.42150666666667, 117.4, 117.4, 242.82411989689143, 0.1704699207415537, 2, False, 1425244808.724392)
(37.231945, -80.42150666666667, 117.4, 117.4, 242.82411989689143, 0.1704699207415537, 2, False, 1425244808.825836)
(37.231945, -80.42150666666667, 117.4, 117.4, 242.82411989689143, 0.1704699207415537, 2, False, 1425244808.927033)
(37.231945, -80.42150666666667, 117.4, 117.4, 242.82411989689143, 0.1704699207415537, 2, False, 1425244809.028297)
(37.231945, -80.42150666666667, 117.4, 117.4, 226.9212532872691, 0.16507004869451036, 2, False, 1425244809.129381)
(37.231945, -80.42150666666667, 117.4, 117.4, 226.9212532872691, 0.16507004869451036, 2, False, 1425244809.230591)
(37.231945, -80.42150666666667, 117.3, 117.3, 226.9212532872691, 0.16507004869451036, 2, False, 1425244809.333081)
(37.231945, -80.42150666666667, 117.3, 117.3, 226.9212532872691, 0.16507004869451036, 2, False, 1425244809.435714)
(37.231945, -80.42150666666667, 117.3, 117.3, 206.88518425365356, 0.15364176094400583, 2, False, 1425244809.537038)
(37.231945, -80.42150666666667, 117.3, 117.3, 206.88518425365356, 0.15364176094400583, 2, False, 1425244809.638233)
(37.231945, -80.42150666666667, 117.3, 117.3, 249.8968297424416, 0.13077286551264689, 2, False, 1425244809.739654)
(37.231945, -80.42150666666667, 117.3, 117.3, 249.8968297424416, 0.13077286551264689, 2, False, 1425244809.841129)
(37.231945, -80.42150666666667, 117.3, 117.3, 249.8968297424416, 0.13077286551264689, 2, False, 1425244809.945519)
(37.231945, -80.42150666666667, 117.3, 117.3, 249.8968297424416, 0.13077286551264689, 2, False, 1425244810.047191)
(37.231945, -80.42150666666667, 117.3, 117.3, 249.8968297424416, 0.13077286551264689, 2, False, 1425244810.149467)
(37.231945, -80.42150666666667, 117.3, 117.3, 249.8968297424416, 0.13077286551264689, 2, False, 1425244810.250752)
(37.231945, -80.42150666666667, 117.3, 117.3, 249.8968297424416, 0.13077286551264689, 2, False, 1425244810.354637)
(37.231945, -80.42150666666667, 117.3, 117.3, 249.8968297424416, 0.13077286551264689, 2, False, 1425244810.456977)
(37.231945, -80.42150833333334, 117.3, 117.3, 262.43102329256226, 0.11183871000593582, 2, False, 1425244810.560473)
(37.231945, -80.42150833333334, 117.3, 117.3, 262.43102329256226, 0.11183871000593582, 2, False, 1425244810.661507)
(37.231945, -80.42150833333334, 117.0, 117.0, 246.72200516302075, 0.16283136271777066, 2, False, 1425244810.764573)
(37.231945, -80.42150833333334, 117.0, 117.0, 246.72200516302075, 0.16283136271777066, 2, False, 1425244810.865678)
(37.231945, -80.42150833333334, 117.0, 117.0, 246.72200516302075, 0.16283136271777066, 2, False, 1425244810.967211)
(37.231945, -80.42150833333334, 117.0, 117.0, 246.72200516302075, 0.16283136271777066, 2, False, 1425244811.068589)
(37.231945, -80.42150833333334, 117.0, 117.0, 246.72200516302075, 0.16283136271777066, 2, False, 1425244811.173276)
(37.231945, -80.42150833333334, 117.0, 117.0, 246.72200516302075, 0.16283136271777066, 2, False, 1425244811.27463)
(37.231945, -80.42150833333334, 117.0, 117.0, 246.72200516302075, 0.16283136271777066, 2, False, 1425244811.375848)
(37.231945, -80.42150833333334, 117.0, 117.0, 246.72200516302075, 0.16283136271777066, 2, False, 1425244811.478532)
(37.231945, -80.42150833333334, 117.0, 117.0, 246.72200516302075, 0.16283136271777066, 2, False, 1425244811.579789)
(37.231945, -80.42150833333334, 117.0, 117.0, 246.72200516302075, 0.16283136271777066, 2, False, 1425244811.685646)
(37.231945, -80.42150833333334, 117.1, 117.1, 246.72200516302075, 0.16283136271777066, 2, False, 1425244811.789397)
(37.231945, -80.42150833333334, 117.1, 117.1, 246.72200516302075, 0.16283136271777066, 2, False, 1425244811.890856)
(37.231945, -80.42150833333334, 117.1, 117.1, 246.72200516302075, 0.16283136271777066, 2, False, 1425244811.992111)
(37.231945, -80.42150833333334, 117.1, 117.1, 246.72200516302075, 0.16283136271777066, 2, False, 1425244812.093226)
(37.231945, -80.42150833333334, 117.1, 117.1, 246.72200516302075, 0.16283136271777066, 2, False, 1425244812.197545)
(37.231945, -80.42150833333334, 117.1, 117.1, 235.1335686481769, 0.16711788109180647, 2, False, 1425244812.298905)
(37.231945, -80.42150833333334, 117.1, 117.1, 235.1335686481769, 0.16711788109180647, 2, False, 1425244812.400097)
(37.231945, -80.42150833333334, 117.1, 117.1, 222.42089471170758, 0.20035444385333864, 2, False, 1425244812.504314)
(37.231945, -80.42150833333334, 117.1, 117.1, 222.42089471170758, 0.20035444385333864, 2, False, 1425244812.606484)
(37.231945, -80.42150833333334, 117.1, 117.1, 253.35938613843058, 0.17415459587330462, 2, False, 1425244812.710064)
(37.231945, -80.42150833333334, 117.1, 117.1, 253.35938613843058, 0.17415459587330462, 2, False, 1425244812.811457)
(37.231945, -80.42150833333334, 117.1, 117.1, 253.35938613843058, 0.17415459587330462, 2, False, 1425244812.912871)
(37.231945, -80.42150833333334, 117.1, 117.1, 253.35938613843058, 0.17415459587330462, 2, False, 1425244813.014208)
(37.231945, -80.42150833333334, 117.1, 117.1, 253.35938613843058, 0.17415459587330462, 2, False, 1425244813.115328)
(37.231945, -80.42150833333334, 117.1, 117.1, 253.35938613843058, 0.17415459587330462, 2, False, 1425244813.222072)
(37.231945, -80.42150833333334, 117.1, 117.1, 253.35938613843058, 0.17415459587330462, 2, False, 1425244813.323331)
(37.231945, -80.42150833333334, 117.1, 117.1, 253.35938613843058, 0.17415459587330462, 2, False, 1425244813.42496)
(37.23195166666667, -80.42151666666666, 117.1, 117.1, 253.35938613843058, 0.17415459587330462, 2, False, 1425244813.527788)
(37.23195166666667, -80.42151666666666, 117.1, 117.1, 253.35938613843058, 0.17415459587330462, 2, False, 1425244813.629037)
(37.23195166666667, -80.42151666666666, 61.0, 61.0, 271.34464191741324, 0.2522631031814342, 2, False, 1425244813.732298)
(37.23195166666667, -80.42151666666666, 61.0, 61.0, 271.34464191741324, 0.2522631031814342, 2, False, 1425244813.833346)
(37.23195166666667, -80.42151666666666, 61.0, 61.0, 259.94954390102305, 0.31898962782114776, 2, False, 1425244813.934654)
(37.23195166666667, -80.42151666666666, 61.0, 61.0, 259.94954390102305, 0.31898962782114776, 2, False, 1425244814.035781)
(37.23195166666667, -80.42151666666666, 61.0, 61.0, 259.94954390102305, 0.31898962782114776, 2, False, 1425244814.136975)
(37.23195166666667, -80.42151666666666, 61.0, 61.0, 259.94954390102305, 0.31898962782114776, 2, False, 1425244814.241355)
(37.23195166666667, -80.42151666666666, 61.0, 61.0, 259.94954390102305, 0.31898962782114776, 2, False, 1425244814.342597)
(37.23195166666667, -80.42151666666666, 61.0, 61.0, 259.94954390102305, 0.31898962782114776, 2, False, 1425244814.445644)
(37.23195166666667, -80.42151666666666, 61.0, 61.0, 259.94954390102305, 0.31898962782114776, 2, False, 1425244814.5485)
(37.23195166666667, -80.42151666666666, 61.0, 61.0, 259.94954390102305, 0.31898962782114776, 2, False, 1425244814.65107)
(37.23195166666667, -80.42151666666666, 61.0, 61.0, 259.94954390102305, 0.31898962782114776, 2, False, 1425244814.75289)
(37.23195166666667, -80.42151666666666, 357.9, 357.9, 259.94954390102305, 0.31898962782114776, 2, False, 1425244814.854042)
(37.23195166666667, -80.42151666666666, 357.9, 357.9, 259.94954390102305, 0.31898962782114776, 2, False, 1425244814.95844)
(37.23195166666667, -80.42151666666666, 357.9, 357.9, 259.94954390102305, 0.31898962782114776, 2, False, 1425244815.059821)
(37.23195166666667, -80.42151666666666, 357.9, 357.9, 259.94954390102305, 0.31898962782114776, 2, False, 1425244815.16111)
(37.23195166666667, -80.42151666666666, 340.2, 340.2, 240.17930780004548, 0.40607864059499754, 2, False, 1425244815.266807)
(37.23195166666667, -80.42151666666666, 340.2, 340.2, 240.17930780004548, 0.40607864059499754, 2, False, 1425244815.367998)
(37.23195166666667, -80.42151666666666, 340.2, 340.2, 240.17930780004548, 0.40607864059499754, 2, False, 1425244815.469362)
(37.23195166666667, -80.42151666666666, 340.2, 340.2, 221.13494407597568, 0.4900493057952154, 2, False, 1425244815.57341)
(37.23195166666667, -80.42151666666666, 340.2, 340.2, 221.13494407597568, 0.4900493057952154, 2, False, 1425244815.675115)
(37.23195166666667, -80.42151666666666, 340.2, 340.2, 221.13494382329213, 0.34303451405665075, 2, False, 1425244815.77637)
(37.23195166666667, -80.42151666666666, 340.2, 340.2, 221.13494382329213, 0.34303451405665075, 2, False, 1425244815.877473)
(37.23195166666667, -80.42151666666666, 340.2, 340.2, 221.13494382329213, 0.34303451405665075, 2, False, 1425244815.978943)
(37.23195166666667, -80.42151666666666, 340.2, 340.2, 221.13494382329213, 0.34303451405665075, 2, False, 1425244816.080239)
(37.23195166666667, -80.42151666666666, 340.2, 340.2, 221.13494382329213, 0.34303451405665075, 2, False, 1425244816.181573)
(37.23195166666667, -80.42151666666666, 340.2, 340.2, 221.13494382329213, 0.34303451405665075, 2, False, 1425244816.282979)
(37.23195166666667, -80.42151666666666, 340.2, 340.2, 221.13494382329213, 0.34303451405665075, 2, False, 1425244816.384121)
(37.23195166666667, -80.42151666666666, 340.2, 340.2, 221.13494382329213, 0.34303451405665075, 2, False, 1425244816.485879)
(37.23195666666667, -80.42147333333334, 340.2, 340.2, 221.13494382329213, 0.34303451405665075, 2, False, 1425244816.59096)
(37.23195666666667, -80.42147333333334, 340.2, 340.2, 221.13494382329213, 0.34303451405665075, 2, False, 1425244816.692388)
(37.23195666666667, -80.42147333333334, 314.3, 314.3, 207.9701406392821, 0.42869483239997835, 2, False, 1425244816.793966)
(37.23195666666667, -80.42147333333334, 314.3, 314.3, 207.9701406392821, 0.42869483239997835, 2, False, 1425244816.895665)
(37.23195666666667, -80.42147333333334, 314.3, 314.3, 207.9701406392821, 0.42869483239997835, 2, False, 1425244816.996899)
(37.23195666666667, -80.42147333333334, 314.3, 314.3, 207.9701406392821, 0.42869483239997835, 2, False, 1425244817.098081)
(37.23195666666667, -80.42147333333334, 314.3, 314.3, 207.9701406392821, 0.42869483239997835, 2, False, 1425244817.199685)
(37.23195666666667, -80.42147333333334, 314.3, 314.3, 207.9701406392821, 0.42869483239997835, 2, False, 1425244817.301011)
(37.23195666666667, -80.42147333333334, 314.3, 314.3, 207.9701406392821, 0.42869483239997835, 2, False, 1425244817.402794)
(37.23195666666667, -80.42147333333334, 314.3, 314.3, 207.9701406392821, 0.42869483239997835, 2, False, 1425244817.504237)
(37.23195666666667, -80.42147333333334, 314.3, 314.3, 207.9701406392821, 0.42869483239997835, 2, False, 1425244817.606725)
(37.23195666666667, -80.42147333333334, 314.3, 314.3, 207.9701406392821, 0.42869483239997835, 2, False, 1425244817.708933)
(37.23195666666667, -80.42147333333334, 298.1, 298.1, 207.9701406392821, 0.42869483239997835, 2, False, 1425244817.810117)
(37.23195666666667, -80.42147333333334, 298.1, 298.1, 207.9701406392821, 0.42869483239997835, 2, False, 1425244817.911546)
(37.23195666666667, -80.42147333333334, 298.1, 298.1, 207.9701406392821, 0.42869483239997835, 2, False, 1425244818.017843)
(37.23195666666667, -80.42147333333334, 298.1, 298.1, 207.9701406392821, 0.42869483239997835, 2, False, 1425244818.119224)
(37.23195666666667, -80.42147333333334, 297.1, 297.1, 202.4709383260096, 0.5067268456685927, 2, False, 1425244818.223871)
(37.23195666666667, -80.42147333333334, 297.1, 297.1, 202.4709383260096, 0.5067268456685927, 2, False, 1425244818.325128)
(37.23195666666667, -80.42147333333334, 297.1, 297.1, 202.4709383260096, 0.5067268456685927, 2, False, 1425244818.426714)
(37.23195666666667, -80.42147333333334, 297.1, 297.1, 197.4319054064343, 0.5610138895370607, 2, False, 1425244818.529833)
(37.23195666666667, -80.42147333333334, 297.1, 297.1, 197.43190518083543, 0.3927097226759424, 2, False, 1425244818.632679)
(37.23195666666667, -80.42147333333334, 297.1, 297.1, 197.43190518083543, 0.3927097226759424, 2, False, 1425244818.733844)
(37.23195666666667, -80.42147333333334, 297.1, 297.1, 197.43190518083543, 0.3927097226759424, 2, False, 1425244818.83519)
(37.23195666666667, -80.42147333333334, 297.1, 297.1, 197.43190518083543, 0.3927097226759424, 2, False, 1425244818.943702)
(37.23195666666667, -80.42147333333334, 297.1, 297.1, 197.43190518083543, 0.3927097226759424, 2, False, 1425244819.044904)
(37.23195666666667, -80.42147333333334, 297.1, 297.1, 197.43190518083543, 0.3927097226759424, 2, False, 1425244819.146459)
(37.23195666666667, -80.42147333333334, 297.1, 297.1, 197.43190518083543, 0.3927097226759424, 2, False, 1425244819.247866)
(37.23195666666667, -80.42147333333334, 297.1, 297.1, 197.43190518083543, 0.3927097226759424, 2, False, 1425244819.349058)
(37.23195833333333, -80.42144666666667, 297.1, 297.1, 197.43190518083543, 0.3927097226759424, 2, False, 1425244819.456574)
(37.23195833333333, -80.42144666666667, 297.1, 297.1, 197.43190518083543, 0.3927097226759424, 2, False, 1425244819.557829)
(37.23195833333333, -80.42144666666667, 297.8, 297.8, 197.56383682659154, 0.38254044436269585, 2, False, 1425244819.660512)
(37.23195833333333, -80.42144666666667, 297.8, 297.8, 197.56383682659154, 0.38254044436269585, 2, False, 1425244819.761735)
(37.23195833333333, -80.42144666666667, 297.8, 297.8, 197.56383682659154, 0.38254044436269585, 2, False, 1425244819.863519)
(37.23195833333333, -80.42144666666667, 297.8, 297.8, 197.56383682659154, 0.38254044436269585, 2, False, 1425244819.964919)
(37.23195833333333, -80.42144666666667, 297.8, 297.8, 197.56383682659154, 0.38254044436269585, 2, False, 1425244820.066205)
(37.23195833333333, -80.42144666666667, 297.8, 297.8, 197.56383682659154, 0.38254044436269585, 2, False, 1425244820.167473)
(37.23195833333333, -80.42144666666667, 297.8, 297.8, 197.56383682659154, 0.38254044436269585, 2, False, 1425244820.269084)
(37.23195833333333, -80.42144666666667, 297.8, 297.8, 197.56383682659154, 0.38254044436269585, 2, False, 1425244820.370469)
(37.23195833333333, -80.42144666666667, 297.8, 297.8, 197.56383682659154, 0.38254044436269585, 2, False, 1425244820.475712)
(37.23195833333333, -80.42144666666667, 297.8, 297.8, 197.56383682659154, 0.38254044436269585, 2, False, 1425244820.576822)
(37.23195833333333, -80.42144666666667, 300.7, 300.7, 197.56383682659154, 0.38254044436269585, 2, False, 1425244820.681336)
(37.23195833333333, -80.42144666666667, 300.7, 300.7, 197.56383682659154, 0.38254044436269585, 2, False, 1425244820.78653)
(37.23195833333333, -80.42144666666667, 300.7, 300.7, 197.56383682659154, 0.38254044436269585, 2, False, 1425244820.890721)
(37.23195833333333, -80.42144666666667, 300.7, 300.7, 197.56383682659154, 0.38254044436269585, 2, False, 1425244820.992009)
(37.23195833333333, -80.42144666666667, 300.7, 300.7, 197.56383682659154, 0.38254044436269585, 2, False, 1425244821.093286)
(37.23195833333333, -80.42144666666667, 300.7, 300.7, 197.17639123865118, 0.4477630805747282, 2, False, 1425244821.194764)
(37.23195833333333, -80.42144666666667, 300.7, 300.7, 197.17639123865118, 0.4477630805747282, 2, False, 1425244821.296154)
(37.23195833333333, -80.42144666666667, 300.7, 300.7, 197.17639123865118, 0.4477630805747282, 2, False, 1425244821.400219)
(37.23195833333333, -80.42144666666667, 300.7, 300.7, 197.17639123865118, 0.4477630805747282, 2, False, 1425244821.501668)
(37.23195833333333, -80.42144666666667, 300.7, 300.7, 194.55969027824293, 0.34477635497521636, 2, False, 1425244821.606624)
(37.23195833333333, -80.42144666666667, 300.7, 300.7, 194.55969027824293, 0.34477635497521636, 2, False, 1425244821.711184)
(37.23195833333333, -80.42144666666667, 300.7, 300.7, 194.55969027824293, 0.34477635497521636, 2, False, 1425244821.812672)
(37.23195833333333, -80.42144666666667, 300.7, 300.7, 194.55969027824293, 0.34477635497521636, 2, False, 1425244821.913986)
(37.23195833333333, -80.42144666666667, 300.7, 300.7, 194.55969027824293, 0.34477635497521636, 2, False, 1425244822.018587)
(37.23195833333333, -80.42144666666667, 300.7, 300.7, 194.55969027824293, 0.34477635497521636, 2, False, 1425244822.119797)
(37.23195833333333, -80.42144666666667, 300.7, 300.7, 194.55969027824293, 0.34477635497521636, 2, False, 1425244822.221925)
(37.23195833333333, -80.42144666666667, 300.7, 300.7, 194.55969027824293, 0.34477635497521636, 2, False, 1425244822.323623)
(37.23195833333333, -80.42144666666667, 300.7, 300.7, 194.55969027824293, 0.34477635497521636, 2, False, 1425244822.424997)
(37.23195833333333, -80.42144666666667, 300.7, 300.7, 194.55969027824293, 0.34477635497521636, 2, False, 1425244822.526239)
(37.23196, -80.42142833333334, 300.7, 300.7, 194.55969005592607, 0.24134344848265146, 2, False, 1425244822.627547)
(37.23196, -80.42142833333334, 300.7, 300.7, 194.55969005592607, 0.24134344848265146, 2, False, 1425244822.729981)
(37.23196, -80.42142833333334, 300.9, 300.9, 198.85786927835053, 0.3179299306165435, 2, False, 1425244822.835157)
(37.23196, -80.42142833333334, 300.9, 300.9, 198.85786927835053, 0.3179299306165435, 2, False, 1425244822.93641)
(37.23196, -80.42142833333334, 300.9, 300.9, 198.85786927835053, 0.3179299306165435, 2, False, 1425244823.041322)
(37.23196, -80.42142833333334, 300.9, 300.9, 198.85786927835053, 0.3179299306165435, 2, False, 1425244823.142603)
(37.23196, -80.42142833333334, 300.9, 300.9, 198.85786927835053, 0.3179299306165435, 2, False, 1425244823.244143)
(37.23196, -80.42142833333334, 300.9, 300.9, 198.85786927835053, 0.3179299306165435, 2, False, 1425244823.345555)
(37.23196, -80.42142833333334, 300.9, 300.9, 198.85786927835053, 0.3179299306165435, 2, False, 1425244823.446788)
(37.23196, -80.42142833333334, 300.9, 300.9, 198.85786927835053, 0.3179299306165435, 2, False, 1425244823.548362)
(37.23196, -80.42142833333334, 300.9, 300.9, 198.85786927835053, 0.3179299306165435, 2, False, 1425244823.649637)
(37.23196, -80.42142833333334, 300.9, 300.9, 198.85786927835053, 0.3179299306165435, 2, False, 1425244823.752683)
(37.23196, -80.42142833333334, 313.1, 313.1, 198.85786927835053, 0.3179299306165435, 2, False, 1425244823.853941)
(37.23196, -80.42142833333334, 313.1, 313.1, 198.85786927835053, 0.3179299306165435, 2, False, 1425244823.955248)
(37.23196, -80.42142833333334, 313.1, 313.1, 208.56318858165946, 0.3011729247664124, 2, False, 1425244824.056589)
(37.23196, -80.42142833333334, 313.1, 313.1, 208.56318858165946, 0.3011729247664124, 2, False, 1425244824.157767)
(37.23196, -80.42142833333334, 341.6, 341.6, 215.80501714264167, 0.3261595647153447, 2, False, 1425244824.259229)
(37.23196, -80.42142833333334, 341.6, 341.6, 215.80501714264167, 0.3261595647153447, 2, False, 1425244824.360544)
(37.23196, -80.42142833333334, 341.6, 341.6, 215.80501714264167, 0.3261595647153447, 2, False, 1425244824.463046)
(37.23196, -80.42142833333334, 341.6, 341.6, 215.80501714264167, 0.3261595647153447, 2, False, 1425244824.564287)
(37.23196, -80.42142833333334, 341.6, 341.6, 212.42122372230173, 0.2150516305537946, 2, False, 1425244824.666911)
(37.23196, -80.42142833333334, 341.6, 341.6, 212.42122372230173, 0.2150516305537946, 2, False, 1425244824.769408)
(37.23196, -80.42142833333334, 341.6, 341.6, 212.42122372230173, 0.2150516305537946, 2, False, 1425244824.870901)
(37.23196, -80.42142833333334, 341.6, 341.6, 212.42122372230173, 0.2150516305537946, 2, False, 1425244824.973185)
(37.23196, -80.42142833333334, 341.6, 341.6, 212.42122372230173, 0.2150516305537946, 2, False, 1425244825.074953)
(37.23196, -80.42142833333334, 341.6, 341.6, 212.42122372230173, 0.2150516305537946, 2, False, 1425244825.176402)
(37.23196, -80.42142833333334, 341.6, 341.6, 212.42122372230173, 0.2150516305537946, 2, False, 1425244825.278432)
(37.23196, -80.42142833333334, 341.6, 341.6, 212.42122372230173, 0.2150516305537946, 2, False, 1425244825.380015)
(37.23196, -80.42142833333334, 341.6, 341.6, 212.42122372230173, 0.2150516305537946, 2, False, 1425244825.483657)
(37.23196, -80.42142833333334, 341.6, 341.6, 212.42122372230173, 0.2150516305537946, 2, False, 1425244825.584895)
(37.23195666666667, -80.42142, 104.7, 104.7, 196.8259967622322, 0.04860483770263368, 2, False, 1425244825.686812)
(37.23195666666667, -80.42142, 104.7, 104.7, 196.8259967622322, 0.04860483770263368, 2, False, 1425244825.789354)
(37.23195666666667, -80.42142, 104.7, 104.7, 196.8259967622322, 0.04860483770263368, 2, False, 1425244825.892959)
(37.23195666666667, -80.42142, 104.7, 104.7, 196.8259967622322, 0.04860483770263368, 2, False, 1425244825.994157)
(37.23195666666667, -80.42142, 104.7, 104.7, 196.8259967622322, 0.04860483770263368, 2, False, 1425244826.098739)
(37.23195666666667, -80.42142, 104.7, 104.7, 196.8259967622322, 0.04860483770263368, 2, False, 1425244826.200086)
(37.23195666666667, -80.42142, 104.7, 104.7, 196.8259967622322, 0.04860483770263368, 2, False, 1425244826.301467)
(37.23195666666667, -80.42142, 104.7, 104.7, 196.8259967622322, 0.04860483770263368, 2, False, 1425244826.402644)
(37.23195666666667, -80.42142, 104.7, 104.7, 196.8259967622322, 0.04860483770263368, 2, False, 1425244826.503953)
(37.23195666666667, -80.42142, 104.7, 104.7, 196.8259967622322, 0.04860483770263368, 2, False, 1425244826.605367)
(37.23195666666667, -80.42142, 104.7, 104.7, 196.8259967622322, 0.04860483770263368, 2, False, 1425244826.710953)
(37.23195666666667, -80.42142, 104.7, 104.7, 196.8259967622322, 0.04860483770263368, 2, False, 1425244826.815558)
(37.23195666666667, -80.42142, 165.2, 165.2, 196.8259967622322, 0.04860483770263368, 2, False, 1425244826.916751)
(37.23195666666667, -80.42142, 165.2, 165.2, 196.8259967622322, 0.04860483770263368, 2, False, 1425244827.017999)
(37.23195666666667, -80.42142, 158.5, 158.5, 45.56023187765077, 0.11927181738408486, 2, False, 1425244827.119333)
(37.23195666666667, -80.42142, 158.5, 158.5, 45.56023187765077, 0.11927181738408486, 2, False, 1425244827.22051)
(37.23195666666667, -80.42142, 158.5, 158.5, 45.56023187765077, 0.11927181738408486, 2, False, 1425244827.321691)
(37.23195666666667, -80.42142, 158.5, 158.5, 45.56023187765077, 0.11927181738408486, 2, False, 1425244827.423231)
(37.23195666666667, -80.42142, 158.5, 158.5, 42.75284339151174, 0.14232426255866867, 2, False, 1425244827.524613)
(37.23195666666667, -80.42142, 158.5, 158.5, 42.75284339151174, 0.14232426255866867, 2, False, 1425244827.626007)
(37.23195666666667, -80.42142, 158.5, 158.5, 42.75284339151174, 0.14232426255866867, 2, False, 1425244827.727451)
(37.23195666666667, -80.42142, 158.5, 158.5, 42.75284339151174, 0.14232426255866867, 2, False, 1425244827.830122)
(37.23195666666667, -80.42142, 158.5, 158.5, 42.75284339151174, 0.14232426255866867, 2, False, 1425244827.931404)
(37.23195666666667, -80.42142, 158.5, 158.5, 42.75284339151174, 0.14232426255866867, 2, False, 1425244828.032947)
(37.23195666666667, -80.42142, 158.5, 158.5, 42.75284339151174, 0.14232426255866867, 2, False, 1425244828.13414)
(37.23195666666667, -80.42142, 158.5, 158.5, 42.75284339151174, 0.14232426255866867, 2, False, 1425244828.235661)
(37.23195666666667, -80.42142, 158.5, 158.5, 42.75284339151174, 0.14232426255866867, 2, False, 1425244828.337256)
(37.23195666666667, -80.42142, 158.5, 158.5, 42.75284339151174, 0.14232426255866867, 2, False, 1425244828.438571)
(37.23195666666667, -80.42142, 158.5, 158.5, 42.75284339151174, 0.14232426255866867, 2, False, 1425244828.540069)
(37.231948333333335, -80.421405, 158.5, 158.5, 42.752843342659496, 0.09962698379106806, 2, False, 1425244828.642876)
(37.231948333333335, -80.421405, 158.5, 158.5, 10.38301292403385, 0.10586972061712435, 2, False, 1425244828.744252)
(37.231948333333335, -80.421405, 157.0, 157.0, 10.38301292403385, 0.10586972061712435, 2, False, 1425244828.846714)
(37.231948333333335, -80.421405, 157.0, 157.0, 10.38301292403385, 0.10586972061712435, 2, False, 1425244828.948001)
(37.231948333333335, -80.421405, 157.0, 157.0, 10.38301292403385, 0.10586972061712435, 2, False, 1425244829.0491)
(37.231948333333335, -80.421405, 157.0, 157.0, 10.38301292403385, 0.10586972061712435, 2, False, 1425244829.150285)
(37.231948333333335, -80.421405, 157.0, 157.0, 10.38301292403385, 0.10586972061712435, 2, False, 1425244829.251923)
(37.231948333333335, -80.421405, 157.0, 157.0, 10.38301292403385, 0.10586972061712435, 2, False, 1425244829.353302)
(37.231948333333335, -80.421405, 157.0, 157.0, 10.38301292403385, 0.10586972061712435, 2, False, 1425244829.457923)
(37.231948333333335, -80.421405, 157.0, 157.0, 10.38301292403385, 0.10586972061712435, 2, False, 1425244829.55967)
(37.231948333333335, -80.421405, 157.0, 157.0, 10.38301292403385, 0.10586972061712435, 2, False, 1425244829.664264)
(37.231948333333335, -80.421405, 159.8, 159.8, 10.38301292403385, 0.10586972061712435, 2, False, 1425244829.765692)
(37.231948333333335, -80.421405, 159.8, 159.8, 10.38301292403385, 0.10586972061712435, 2, False, 1425244829.868216)
(37.231948333333335, -80.421405, 159.8, 159.8, 10.38301292403385, 0.10586972061712435, 2, False, 1425244829.972587)
(37.231948333333335, -80.421405, 159.8, 159.8, 10.38301292403385, 0.10586972061712435, 2, False, 1425244830.074486)
(37.231948333333335, -80.421405, 159.8, 159.8, 10.38301292403385, 0.10586972061712435, 2, False, 1425244830.175783)
(37.231948333333335, -80.421405, 160.6, 160.6, 28.36960775096785, 0.15752898851776678, 2, False, 1425244830.279975)
(37.231948333333335, -80.421405, 160.6, 160.6, 28.36960775096785, 0.15752898851776678, 2, False, 1425244830.38108)
(37.231948333333335, -80.421405, 160.6, 160.6, 39.77651479722437, 0.19540984375649456, 2, False, 1425244830.485487)
(37.231948333333335, -80.421405, 160.6, 160.6, 39.77651479722437, 0.19540984375649456, 2, False, 1425244830.586632)
(37.231948333333335, -80.421405, 160.6, 160.6, 27.72821676110878, 0.14298038624393863, 2, False, 1425244830.688323)
(37.231948333333335, -80.421405, 160.6, 160.6, 27.72821676110878, 0.14298038624393863, 2, False, 1425244830.790124)
(37.231948333333335, -80.421405, 160.6, 160.6, 27.72821676110878, 0.14298038624393863, 2, False, 1425244830.892821)
(37.231948333333335, -80.421405, 160.6, 160.6, 27.72821676110878, 0.14298038624393863, 2, False, 1425244830.995837)
(37.231948333333335, -80.421405, 160.6, 160.6, 27.72821676110878, 0.14298038624393863, 2, False, 1425244831.096958)
(37.231948333333335, -80.421405, 160.6, 160.6, 27.72821676110878, 0.14298038624393863, 2, False, 1425244831.198516)
(37.231948333333335, -80.421405, 160.6, 160.6, 27.72821676110878, 0.14298038624393863, 2, False, 1425244831.299883)
(37.231948333333335, -80.421405, 160.6, 160.6, 27.72821676110878, 0.14298038624393863, 2, False, 1425244831.401206)
(37.231943333333334, -80.42139333333333, 160.6, 160.6, 27.72821676110878, 0.14298038624393863, 2, False, 1425244831.503033)
(37.231943333333334, -80.42139333333333, 160.6, 160.6, 27.72821676110878, 0.14298038624393863, 2, False, 1425244831.604343)
(37.231943333333334, -80.42139333333333, 159.1, 159.1, 149.08056485308168, 0.08345011323105529, 2, False, 1425244831.707635)
(37.231943333333334, -80.42139333333333, 159.1, 159.1, 149.08056485308168, 0.08345011323105529, 2, False, 1425244831.812866)
(37.231943333333334, -80.42139333333333, 159.1, 159.1, 149.08056485308168, 0.08345011323105529, 2, False, 1425244831.915368)
(37.231943333333334, -80.42139333333333, 159.1, 159.1, 149.08056485308168, 0.08345011323105529, 2, False, 1425244832.020622)
(37.231943333333334, -80.42139333333333, 159.1, 159.1, 149.08056485308168, 0.08345011323105529, 2, False, 1425244832.121699)
(37.231943333333334, -80.42139333333333, 159.1, 159.1, 149.08056485308168, 0.08345011323105529, 2, False, 1425244832.223178)
(37.231943333333334, -80.42139333333333, 159.1, 159.1, 149.08056485308168, 0.08345011323105529, 2, False, 1425244832.324457)
(37.231943333333334, -80.42139333333333, 159.1, 159.1, 149.08056485308168, 0.08345011323105529, 2, False, 1425244832.425657)
(37.231943333333334, -80.42139333333333, 159.1, 159.1, 149.08056485308168, 0.08345011323105529, 2, False, 1425244832.531402)
(37.231943333333334, -80.42139333333333, 159.1, 159.1, 149.08056485308168, 0.08345011323105529, 2, False, 1425244832.634171)
(37.231943333333334, -80.42139333333333, 160.2, 160.2, 149.08056485308168, 0.08345011323105529, 2, False, 1425244832.737435)
(37.231943333333334, -80.42139333333333, 160.2, 160.2, 149.08056485308168, 0.08345011323105529, 2, False, 1425244832.8386)
(37.231943333333334, -80.42139333333333, 160.2, 160.2, 149.08056485308168, 0.08345011323105529, 2, False, 1425244832.941613)
(37.231943333333334, -80.42139333333333, 160.2, 160.2, 149.08056485308168, 0.08345011323105529, 2, False, 1425244833.042948)
(37.231943333333334, -80.42139333333333, 160.2, 160.2, 149.08056485308168, 0.08345011323105529, 2, False, 1425244833.147356)
(37.231943333333334, -80.42139333333333, 161.4, 161.4, 169.49905408392286, 0.23358742565890175, 2, False, 1425244833.25108)
(37.231943333333334, -80.42139333333333, 161.4, 161.4, 169.49905408392286, 0.23358742565890175, 2, False, 1425244833.352353)
(37.231943333333334, -80.42139333333333, 161.4, 161.4, 172.43405870826524, 0.34310190000848617, 2, False, 1425244833.45361)
(37.231943333333334, -80.42139333333333, 161.4, 161.4, 172.43405870826524, 0.34310190000848617, 2, False, 1425244833.55571)
(37.231943333333334, -80.42139333333333, 161.4, 161.4, 177.79319357923228, 0.21920104951667266, 2, False, 1425244833.656833)
(37.231943333333334, -80.42139333333333, 161.4, 161.4, 177.79319357923228, 0.21920104951667266, 2, False, 1425244833.761443)
(37.231943333333334, -80.42139333333333, 161.4, 161.4, 177.79319357923228, 0.21920104951667266, 2, False, 1425244833.862798)
(37.231943333333334, -80.42139333333333, 161.4, 161.4, 177.79319357923228, 0.21920104951667266, 2, False, 1425244833.965621)
(37.231943333333334, -80.42139333333333, 161.4, 161.4, 177.79319357923228, 0.21920104951667266, 2, False, 1425244834.066701)
(37.231943333333334, -80.42139333333333, 163.1, 163.1, 167.96592306256065, 0.3292738916422729, 2, False, 1425244834.168068)
(37.231943333333334, -80.42139333333333, 163.1, 163.1, 167.96592306256065, 0.3292738916422729, 2, False, 1425244834.269337)
(37.231943333333334, -80.42139333333333, 163.1, 163.1, 167.96592306256065, 0.3292738916422729, 2, False, 1425244834.370945)
(37.231943333333334, -80.42139333333333, 163.1, 163.1, 167.96592306256065, 0.3292738916422729, 2, False, 1425244834.472334)
(37.231943333333334, -80.42139, 163.1, 163.1, 173.00105853726052, 0.2074489848569415, 2, False, 1425244834.574092)
(37.231943333333334, -80.42139, 163.1, 163.1, 173.00105853726052, 0.2074489848569415, 2, False, 1425244834.675215)
(37.231943333333334, -80.42139, 163.8, 163.8, 163.19634110892534, 0.3213865552015975, 2, False, 1425244834.777645)
(37.231943333333334, -80.42139, 163.8, 163.8, 163.19634110892534, 0.3213865552015975, 2, False, 1425244834.878888)
(37.231943333333334, -80.42139, 163.8, 163.8, 163.19634110892534, 0.3213865552015975, 2, False, 1425244834.981433)
(37.231943333333334, -80.42139, 163.8, 163.8, 163.19634110892534, 0.3213865552015975, 2, False, 1425244835.082593)
(37.231943333333334, -80.42139, 163.8, 163.8, 163.19634110892534, 0.3213865552015975, 2, False, 1425244835.183832)
(37.231943333333334, -80.42139, 163.8, 163.8, 163.19634110892534, 0.3213865552015975, 2, False, 1425244835.285074)
(37.231943333333334, -80.42139, 163.8, 163.8, 163.19634110892534, 0.3213865552015975, 2, False, 1425244835.389521)
(37.231943333333334, -80.42139, 163.8, 163.8, 163.19634110892534, 0.3213865552015975, 2, False, 1425244835.490899)
(37.231943333333334, -80.42139, 163.8, 163.8, 163.19634110892534, 0.3213865552015975, 2, False, 1425244835.595736)
(37.231943333333334, -80.42139, 163.8, 163.8, 163.19634110892534, 0.3213865552015975, 2, False, 1425244835.700086)
(37.231943333333334, -80.42139, 165.7, 165.7, 163.19634110892534, 0.3213865552015975, 2, False, 1425244835.80128)
(37.231943333333334, -80.42139, 165.7, 165.7, 163.19634110892534, 0.3213865552015975, 2, False, 1425244835.902399)
(37.231943333333334, -80.42139, 165.7, 165.7, 163.19634110892534, 0.3213865552015975, 2, False, 1425244836.004909)
(37.231943333333334, -80.42139, 165.7, 165.7, 163.19634110892534, 0.3213865552015975, 2, False, 1425244836.106006)
(37.231943333333334, -80.42139, 166.1, 166.1, 163.06462431461458, 0.40496925117581145, 2, False, 1425244836.207257)
(37.231943333333334, -80.42139, 166.1, 166.1, 163.06462431461458, 0.40496925117581145, 2, False, 1425244836.308555)
(37.231943333333334, -80.42139, 166.1, 166.1, 163.06462431461458, 0.40496925117581145, 2, False, 1425244836.410119)
(37.231943333333334, -80.42139, 166.1, 166.1, 163.06462431461458, 0.40496925117581145, 2, False, 1425244836.511502)
(37.231943333333334, -80.42139, 166.1, 166.1, 168.3599134094478, 0.32055312243061806, 2, False, 1425244836.612934)
(37.231943333333334, -80.42139, 166.1, 166.1, 168.3599134094478, 0.32055312243061806, 2, False, 1425244836.717841)
(37.231943333333334, -80.42139, 166.1, 166.1, 168.3599134094478, 0.32055312243061806, 2, False, 1425244836.820621)
(37.231943333333334, -80.42139, 166.1, 166.1, 168.3599134094478, 0.32055312243061806, 2, False, 1425244836.921992)
(37.231943333333334, -80.42139, 166.1, 166.1, 168.3599134094478, 0.32055312243061806, 2, False, 1425244837.027355)
(37.231943333333334, -80.42139, 166.1, 166.1, 168.3599134094478, 0.32055312243061806, 2, False, 1425244837.128606)
(37.231943333333334, -80.42139, 166.1, 166.1, 168.3599134094478, 0.32055312243061806, 2, False, 1425244837.230859)
(37.231943333333334, -80.42139, 166.1, 166.1, 168.3599134094478, 0.32055312243061806, 2, False, 1425244837.332211)
(37.231943333333334, -80.42139, 166.1, 166.1, 168.3599134094478, 0.32055312243061806, 2, False, 1425244837.433691)
(37.231941666666664, -80.42138333333334, 166.1, 166.1, 168.3599134094478, 0.32055312243061806, 2, False, 1425244837.536088)
(37.231941666666664, -80.42138333333334, 166.1, 166.1, 168.3599134094478, 0.32055312243061806, 2, False, 1425244837.637157)
(37.231941666666664, -80.42138333333334, 167.8, 167.8, 162.28115253727918, 0.31688120426260574, 2, False, 1425244837.742432)
(37.231941666666664, -80.42138333333334, 167.8, 167.8, 162.28115253727918, 0.31688120426260574, 2, False, 1425244837.843737)
(37.231941666666664, -80.42138333333334, 167.8, 167.8, 162.28115253727918, 0.31688120426260574, 2, False, 1425244837.946057)
(37.231941666666664, -80.42138333333334, 167.8, 167.8, 162.28115253727918, 0.31688120426260574, 2, False, 1425244838.085079)
(37.231941666666664, -80.42138333333334, 167.8, 167.8, 162.28115253727918, 0.31688120426260574, 2, False, 1425244838.186231)
(37.231941666666664, -80.42138333333334, 167.8, 167.8, 162.28115253727918, 0.31688120426260574, 2, False, 1425244838.287413)
(37.231941666666664, -80.42138333333334, 167.8, 167.8, 162.28115253727918, 0.31688120426260574, 2, False, 1425244838.388911)
(37.231941666666664, -80.42138333333334, 167.8, 167.8, 162.28115253727918, 0.31688120426260574, 2, False, 1425244838.490304)
(37.231941666666664, -80.42138333333334, 167.8, 167.8, 162.28115253727918, 0.31688120426260574, 2, False, 1425244838.594596)
(37.231941666666664, -80.42138333333334, 170.2, 170.2, 162.28115253727918, 0.31688120426260574, 2, False, 1425244838.69918)
(37.231941666666664, -80.42138333333334, 170.2, 170.2, 162.28115253727918, 0.31688120426260574, 2, False, 1425244838.804148)
(37.231941666666664, -80.42138333333334, 170.2, 170.2, 162.28115253727918, 0.31688120426260574, 2, False, 1425244838.905637)
(37.231941666666664, -80.42138333333334, 170.2, 170.2, 162.28115253727918, 0.31688120426260574, 2, False, 1425244839.006999)
(37.231941666666664, -80.42138333333334, 170.2, 170.2, 162.28115253727918, 0.31688120426260574, 2, False, 1425244839.109577)
(37.231941666666664, -80.42138333333334, 171.4, 171.4, 153.07304744731164, 0.39542395936586405, 2, False, 1425244839.214705)
(37.231941666666664, -80.42138333333334, 171.4, 171.4, 153.07304744731164, 0.39542395936586405, 2, False, 1425244839.315885)
(37.231941666666664, -80.42138333333334, 171.4, 171.4, 153.07304744731164, 0.39542395936586405, 2, False, 1425244839.417443)
(37.231941666666664, -80.42138333333334, 171.4, 171.4, 153.07304744731164, 0.39542395936586405, 2, False, 1425244839.518763)
(37.231941666666664, -80.42138333333334, 171.4, 171.4, 151.2983251235068, 0.2920147362606316, 2, False, 1425244839.622923)
(37.231941666666664, -80.42138333333334, 171.4, 171.4, 151.2983251235068, 0.2920147362606316, 2, False, 1425244839.724117)
(37.231941666666664, -80.42138333333334, 171.4, 171.4, 151.2983251235068, 0.2920147362606316, 2, False, 1425244839.825426)
(37.231941666666664, -80.42138333333334, 171.4, 171.4, 151.2983251235068, 0.2920147362606316, 2, False, 1425244839.926855)
(37.231941666666664, -80.42138333333334, 171.4, 171.4, 151.2983251235068, 0.2920147362606316, 2, False, 1425244840.031543)
(37.231941666666664, -80.42138333333334, 171.4, 171.4, 151.2983251235068, 0.2920147362606316, 2, False, 1425244840.134025)
(37.231941666666664, -80.42138333333334, 171.4, 171.4, 151.2983251235068, 0.2920147362606316, 2, False, 1425244840.235317)
(37.231941666666664, -80.42138333333334, 171.4, 171.4, 151.2983251235068, 0.2920147362606316, 2, False, 1425244840.336814)
(37.231941666666664, -80.42138333333334, 171.4, 171.4, 151.2983251235068, 0.2920147362606316, 2, False, 1425244840.438051)
(37.231941666666664, -80.42138333333334, 171.4, 171.4, 151.2983251235068, 0.2920147362606316, 2, False, 1425244840.543103)
(37.23194, -80.42138, 171.4, 171.4, 156.01199120148675, 0.2717721348464417, 2, False, 1425244840.644407)
(37.23194, -80.42138, 171.4, 171.4, 156.01199120148675, 0.2717721348464417, 2, False, 1425244840.745519)
(37.23194, -80.42138, 178.8, 178.8, 156.01199120148675, 0.2717721348464417, 2, False, 1425244840.847672)
(37.23194, -80.42138, 178.8, 178.8, 156.01199120148675, 0.2717721348464417, 2, False, 1425244840.94892)
(37.23194, -80.42138, 178.8, 178.8, 156.01199120148675, 0.2717721348464417, 2, False, 1425244841.052071)
(37.23194, -80.42138, 178.8, 178.8, 156.01199120148675, 0.2717721348464417, 2, False, 1425244841.156677)
(37.23194, -80.42138, 178.8, 178.8, 156.01199120148675, 0.2717721348464417, 2, False, 1425244841.258195)
(37.23194, -80.42138, 178.8, 178.8, 156.01199120148675, 0.2717721348464417, 2, False, 1425244841.359567)
(37.23194, -80.42138, 178.8, 178.8, 1