(0, -10, 0, 339.46524064171126, 230, 0, 2, True, 1425243436.406075)
(0, -10, 0, 339.46524064171126, 230, 0, 2, True, 1425243436.509654)
(0, -10, 0, 339.46524064171126, 230, 0, 2, True, 1425243436.611342)
(0, -10, 0, 339.46524064171126, 230, 0, 2, True, 1425243436.713977)
(0, -10, 0, 339.46524064171126, 230, 0, 2, True, 1425243436.820076)
(0, -10, 0, 339.46524064171126, 230, 0, 2, True, 1425243436.924103)
(0, -10, 0, 339.46524064171126, 230, 0, 2, True, 1425243437.026832)
(0, -10, 0, 339.46524064171126, 230, 0, 2, True, 1425243437.128917)
(0, -10, 0, 339.46524064171126, 230, 0, 2, True, 1425243437.230802)
(0, -10, 0, 339.46524064171126, 230, 0, 2, True, 1425243437.33731)
(0, -10, 0, 1.3235294117647245, 230, 0, 2, True, 1425243441.81185)
(0, -10, 0, 1.3235294117647245, 230, 0, 2, True, 1425243441.91428)
(0, -10, 0, 1.3235294117647245, 230, 0, 2, True, 1425243442.017093)
(0, -10, 0, 1.3235294117647245, 230, 0, 2, True, 1425243442.120686)
(0, -10, 0, 1.3235294117647245, 230, 0, 2, True, 1425243442.222833)
(0, -10, 0, 1.3235294117647245, 230, 0, 2, True, 1425243442.327941)
(0, -10, 0, 1.3235294117647245, 230, 0, 2, True, 1425243442.431598)
(0, -10, 0, 1.3235294117647245, 230, 0, 2, True, 1425243442.533807)
(0, -10, 0, 1.3235294117647245, 230, 0, 2, True, 1425243442.638023)
(0, -10, 0, 1.3235294117647245, 230, 0, 2, True, 1425243442.740622)
(0, -10, 0, 82.52757352941177, 230, 0, 2, True, 1425243447.084177)
(0, -10, 0, 82.52757352941177, 230, 0, 2, True, 1425243447.186836)
(0, -10, 0, 82.52757352941177, 230, 0, 2, True, 1425243447.289074)
(0, -10, 0, 82.52757352941177, 230, 0, 2, True, 1425243447.391174)
(0, -10, 0, 82.52757352941177, 230, 0, 2, True, 1425243447.493564)
(0, -10, 0, 82.52757352941177, 230, 0, 2, True, 1425243447.598691)
(0, -10, 0, 82.52757352941177, 230, 0, 2, True, 1425243447.701586)
(0, -10, 0, 82.52757352941177, 230, 0, 2, True, 1425243447.806946)
(0, -10, 0, 82.52757352941177, 230, 0, 2, True, 1425243447.909624)
(0, -10, 0, 82.52757352941177, 230, 0, 2, True, 1425243448.013556)
(0, -10, 0, 76.48897058823532, 230, 0, 2, True, 1425243452.427416)
(0, -10, 0, 76.48897058823532, 230, 0, 2, True, 1425243452.5302)
(0, -10, 0, 76.48897058823532, 230, 0, 2, True, 1425243452.632046)
(0, -10, 0, 76.48897058823532, 230, 0, 2, True, 1425243452.736288)
(0, -10, 0, 76.48897058823532, 230, 0, 2, True, 1425243452.837858)
(0, -10, 0, 76.48897058823532, 230, 0, 2, True, 1425243452.945196)
(0, -10, 0, 76.48897058823532, 230, 0, 2, True, 1425243453.047095)
(0, -10, 0, 76.48897058823532, 230, 0, 2, True, 1425243453.149452)
(0, -10, 0, 76.48897058823532, 230, 0, 2, True, 1425243453.251296)
(0, -10, 0, 76.48897058823532, 230, 0, 2, True, 1425243453.35321)
(0, -10, 0, 296.09243697478996, 230, 0, 2, True, 1425243457.786989)
(0, -10, 0, 296.09243697478996, 230, 0, 2, True, 1425243457.889215)
(0, -10, 0, 296.09243697478996, 230, 0, 2, True, 1425243457.992258)
(0, -10, 0, 296.09243697478996, 230, 0, 2, True, 1425243458.099187)
(0, -10, 0, 296.09243697478996, 230, 0, 2, True, 1425243458.203615)
(0, -10, 0, 296.09243697478996, 230, 0, 2, True, 1425243458.308243)
(0, -10, 0, 296.09243697478996, 230, 0, 2, True, 1425243458.415689)
(0, -10, 0, 296.09243697478996, 230, 0, 2, True, 1425243458.517836)
(0, -10, 0, 296.09243697478996, 230, 0, 2, True, 1425243458.621142)
(0, -10, 0, 296.09243697478996, 230, 0, 2, True, 1425243458.725155)
(0, -10, 0, 312.79411764705884, 230, 0, 2, True, 1425243463.285736)
(0, -10, 0, 312.79411764705884, 230, 0, 2, True, 1425243463.394833)
(0, -10, 0, 312.79411764705884, 230, 0, 2, True, 1425243463.499363)
(0, -10, 0, 312.79411764705884, 230, 0, 2, True, 1425243463.601554)
(0, -10, 0, 312.79411764705884, 230, 0, 2, True, 1425243463.703544)
(0, -10, 0, 312.79411764705884, 230, 0, 2, True, 1425243463.807834)
(0, -10, 0, 312.79411764705884, 230, 0, 2, True, 1425243463.910806)
(0, -10, 0, 312.79411764705884, 230, 0, 2, True, 1425243464.012955)
(0, -10, 0, 312.79411764705884, 230, 0, 2, True, 1425243464.118548)
(0, -10, 0, 312.79411764705884, 230, 0, 2, True, 1425243464.220679)
(0, -10, 0, 358.6934389140272, 230, 0, 2, True, 1425243468.755111)
(0, -10, 0, 358.6934389140272, 230, 0, 2, True, 1425243468.859268)
(0, -10, 0, 358.6934389140272, 230, 0, 2, True, 1425243468.961039)
(0, -10, 0, 358.6934389140272, 230, 0, 2, True, 1425243469.062974)
(0, -10, 0, 358.6934389140272, 230, 0, 2, True, 1425243469.16632)
(0, -10, 0, 358.6934389140272, 230, 0, 2, True, 1425243469.270946)
(0, -10, 0, 358.6934389140272, 230, 0, 2, True, 1425243469.372816)
(0, -10, 0, 358.6934389140272, 230, 0, 2, True, 1425243469.474313)
(0, -10, 0, 358.6934389140272, 230, 0, 2, True, 1425243469.576182)
(0, -10, 0, 358.6934389140272, 230, 0, 2, True, 1425243469.680986)
(0, -10, 0, 355.80882352941177, 230, 0, 2, True, 1425243474.084085)
(0, -10, 0, 355.80882352941177, 230, 0, 2, True, 1425243474.18703)
(0, -10, 0, 355.80882352941177, 230, 0, 2, True, 1425243474.292312)
(0, -10, 0, 355.80882352941177, 230, 0, 2, True, 1425243474.39436)
(0, -10, 0, 355.80882352941177, 230, 0, 2, True, 1425243474.49649)
(0, -10, 0, 355.80882352941177, 230, 0, 2, True, 1425243474.600903)
(0, -10, 0, 355.80882352941177, 230, 0, 2, True, 1425243474.704488)
(0, -10, 0, 355.80882352941177, 230, 0, 2, True, 1425243474.806905)
(0, -10, 0, 355.80882352941177, 230, 0, 2, True, 1425243474.911164)
(0, -10, 0, 355.80882352941177, 230, 0, 2, True, 1425243475.013418)
(0, -10, 0, 358.014705882353, 230, 0, 2, True, 1425243479.417713)
(0, -10, 0, 358.014705882353, 230, 0, 2, True, 1425243479.522486)
(0, -10, 0, 358.014705882353, 230, 0, 2, True, 1425243479.62502)
(0, -10, 0, 358.014705882353, 230, 0, 2, True, 1425243479.727088)
(0, -10, 0, 358.014705882353, 230, 0, 2, True, 1425243479.829298)
(0, -10, 0, 358.014705882353, 230, 0, 2, True, 1425243479.933871)
(0, -10, 0, 358.014705882353, 230, 0, 2, True, 1425243480.042351)
(0, -10, 0, 358.014705882353, 230, 0, 2, True, 1425243480.146662)
(0, -10, 0, 358.014705882353, 230, 0, 2, True, 1425243480.249062)
(0, -10, 0, 358.014705882353, 230, 0, 2, True, 1425243480.351402)
(0, -10, 0, 354.04411764705884, 230, 0, 2, True, 1425243484.826811)
(0, -10, 0, 354.04411764705884, 230, 0, 2, True, 1425243484.929713)
(0, -10, 0, 354.04411764705884, 230, 0, 2, True, 1425243485.037258)
(0, -10, 0, 354.04411764705884, 230, 0, 2, True, 1425243485.140235)
(0, -10, 0, 354.04411764705884, 230, 0, 2, True, 1425243485.242064)
(0, -10, 0, 354.04411764705884, 230, 0, 2, True, 1425243485.346613)
(0, -10, 0, 354.04411764705884, 230, 0, 2, True, 1425243485.458283)
(0, -10, 0, 354.04411764705884, 230, 0, 2, True, 1425243485.563982)
(0, -10, 0, 354.04411764705884, 230, 0, 2, True, 1425243485.666036)
(0, -10, 0, 354.04411764705884, 230, 0, 2, True, 1425243485.771525)
(0, -10, 0, 41.33021390374332, 230, 0, 2, True, 1425243489.913331)
(0, -10, 0, 41.33021390374332, 230, 0, 2, True, 1425243490.023538)
(0, -10, 0, 41.33021390374332, 230, 0, 2, True, 1425243490.126059)
(0, -10, 0, 41.33021390374332, 230, 0, 2, True, 1425243490.228634)
(0, -10, 0, 41.33021390374332, 230, 0, 2, True, 1425243490.331174)
(0, -10, 0, 41.33021390374332, 230, 0, 2, True, 1425243490.445167)
(0, -10, 0, 41.33021390374332, 230, 0, 2, True, 1425243490.54945)
(0, -10, 0, 41.33021390374332, 230, 0, 2, True, 1425243490.653931)
(0, -10, 0, 41.33021390374332, 230, 0, 2, True, 1425243490.756474)
(0, -10, 0, 41.33021390374332, 230, 0, 2, True, 1425243490.859052)
(0, -10, 0, 146.1764705882353, 230, 0, 2, True, 1425243495.175914)
(0, -10, 0, 146.1764705882353, 230, 0, 2, True, 1425243495.279199)
(0, -10, 0, 146.1764705882353, 230, 0, 2, True, 1425243495.381327)
(0, -10, 0, 146.1764705882353, 230, 0, 2, True, 1425243495.49604)
(0, -10, 0, 146.1764705882353, 230, 0, 2, True, 1425243495.600646)
(0, -10, 0, 146.1764705882353, 230, 0, 2, True, 1425243495.705215)
(0, -10, 0, 146.1764705882353, 230, 0, 2, True, 1425243495.807228)
(0, -10, 0, 146.1764705882353, 230, 0, 2, True, 1425243495.909587)
(0, -10, 0, 146.1764705882353, 230, 0, 2, True, 1425243496.015838)
(0, -10, 0, 146.1764705882353, 230, 0, 2, True, 1425243496.118012)
(0, -10, 0, 115.47794117647061, 230, 0, 2, True, 1425243500.615546)
(0, -10, 0, 115.47794117647061, 230, 0, 2, True, 1425243500.722193)
(0, -10, 0, 115.47794117647061, 230, 0, 2, True, 1425243500.824721)
(0, -10, 0, 115.47794117647061, 230, 0, 2, True, 1425243500.933498)
(0, -10, 0, 115.47794117647061, 230, 0, 2, True, 1425243501.037085)
(0, -10, 0, 115.47794117647061, 230, 0, 2, True, 1425243501.141614)
(0, -10, 0, 115.47794117647061, 230, 0, 2, True, 1425243501.247973)
(0, -10, 0, 115.47794117647061, 230, 0, 2, True, 1425243501.352074)
(0, -10, 0, 115.47794117647061, 230, 0, 2, True, 1425243501.455014)
(0, -10, 0, 115.47794117647061, 230, 0, 2, True, 1425243501.557306)
(0, -10, 0, 107.45098039215686, 230, 0, 2, True, 1425243505.892792)
(0, -10, 0, 107.45098039215686, 230, 0, 2, True, 1425243505.995051)
(0, -10, 0, 107.45098039215686, 230, 0, 2, True, 1425243506.096723)
(0, -10, 0, 107.45098039215686, 230, 0, 2, True, 1425243506.200105)
(0, -10, 0, 107.45098039215686, 230, 0, 2, True, 1425243506.301603)
(0, -10, 0, 107.45098039215686, 230, 0, 2, True, 1425243506.404569)
(0, -10, 0, 107.45098039215686, 230, 0, 2, True, 1425243506.507284)
(0, -10, 0, 107.45098039215686, 230, 0, 2, True, 1425243506.608932)
(0, -10, 0, 107.45098039215686, 230, 0, 2, True, 1425243506.712954)
(0, -10, 0, 107.45098039215686, 230, 0, 2, True, 1425243506.815364)
(0, -10, 0, 330.63581314878894, 230, 0, 2, True, 1425243511.034802)
(0, -10, 0, 330.63581314878894, 230, 0, 2, True, 1425243511.14114)
(0, -10, 0, 330.63581314878894, 230, 0, 2, True, 1425243511.243407)
(0, -10, 0, 330.63581314878894, 230, 0, 2, True, 1425243511.348835)
(0, -10, 0, 330.63581314878894, 230, 0, 2, True, 1425243511.451389)
(0, -10, 0, 330.63581314878894, 230, 0, 2, True, 1425243511.554808)
(0, -10, 0, 330.63581314878894, 230, 0, 2, True, 1425243511.65711)
(0, -10, 0, 330.63581314878894, 230, 0, 2, True, 1425243511.760216)
(0, -10, 0, 330.63581314878894, 230, 0, 2, True, 1425243511.861942)
(0, -10, 0, 330.63581314878894, 230, 0, 2, True, 1425243511.964603)
(0, -10, 0, 330.63581314878894, 230, 0, 2, True, 1425243515.911969)
(0, -10, 0, 330.63581314878894, 230, 0, 2, True, 1425243516.017178)
(0, -10, 0, 330.63581314878894, 230, 0, 2, True, 1425243516.118917)
(0, -10, 0, 330.63581314878894, 230, 0, 2, True, 1425243516.221213)
(0, -10, 0, 330.63581314878894, 230, 0, 2, True, 1425243516.323038)
(0, -10, 0, 330.63581314878894, 230, 0, 2, True, 1425243516.426195)
(0, -10, 0, 330.63581314878894, 230, 0, 2, True, 1425243516.530184)
(0, -10, 0, 330.63581314878894, 230, 0, 2, True, 1425243516.632301)
(0, -10, 0, 330.63581314878894, 230, 0, 2, True, 1425243516.733882)
(0, -10, 0, 330.63581314878894, 230, 0, 2, True, 1425243516.840131)
(0, -10, 0, 330.63581314878894, 230, 0, 2, True, 1425243520.714983)
(0, -10, 0, 330.63581314878894, 230, 0, 2, True, 1425243520.817936)
(0, -10, 0, 330.63581314878894, 230, 0, 2, True, 1425243520.919814)
(0, -10, 0, 330.63581314878894, 230, 0, 2, True, 1425243521.021527)
(0, -10, 0, 330.63581314878894, 230, 0, 2, True, 1425243521.123227)
(0, -10, 0, 330.63581314878894, 230, 0, 2, True, 1425243521.230867)
(0, -10, 0, 330.63581314878894, 230, 0, 2, False, 1425243521.333051)
(0, -10, 0, 330.63581314878894, 230, 0, 2, False, 1425243521.437978)
(0, -10, 0, 330.63581314878894, 230, 0, 2, False, 1425243521.541199)
(0, -10, 0, 330.63581314878894, 230, 0, 2, False, 1425243521.642933)
(0, -10, 0, 334.11764705882354, 230, 0, 2, True, 1425243525.681714)
(0, -10, 0, 334.11764705882354, 230, 0, 2, True, 1425243525.783787)
(0, -10, 0, 334.11764705882354, 230, 0, 2, True, 1425243525.886277)
(0, -10, 0, 334.11764705882354, 230, 0, 2, True, 1425243525.993803)
(0, -10, 0, 334.11764705882354, 230, 0, 2, True, 1425243526.09971)
(0, -10, 0, 334.11764705882354, 230, 0, 2, True, 1425243526.206196)
(0, -10, 0, 334.11764705882354, 230, 0, 2, True, 1425243526.311562)
(0, -10, 0, 334.11764705882354, 230, 0, 2, True, 1425243526.413688)
(0, -10, 0, 334.11764705882354, 230, 0, 2, True, 1425243526.516095)
(0, -10, 0, 334.11764705882354, 230, 0, 2, True, 1425243526.619969)
(0, -10, 0, 33.86029411764707, 230, 0, 2, True, 1425243530.724187)
(0, -10, 0, 33.86029411764707, 230, 0, 2, True, 1425243530.826103)
(0, -10, 0, 33.86029411764707, 230, 0, 2, True, 1425243530.931537)
(0, -10, 0, 33.86029411764707, 230, 0, 2, True, 1425243531.032845)
(0, -10, 0, 33.86029411764707, 230, 0, 2, True, 1425243531.135721)
(0, -10, 0, 33.86029411764707, 230, 0, 2, True, 1425243531.238835)
(0, -10, 0, 33.86029411764707, 230, 0, 2, True, 1425243531.34047)
(0, -10, 0, 33.86029411764707, 230, 0, 2, True, 1425243531.442847)
(0, -10, 0, 33.86029411764707, 230, 0, 2, True, 1425243531.544542)
(0, -10, 0, 33.86029411764707, 230, 0, 2, True, 1425243531.655259)
(0, -10, 0, 64.375, 230, 0, 2, True, 1425243535.62808)
(0, -10, 0, 64.375, 230, 0, 2, True, 1425243535.733452)
(0, -10, 0, 64.375, 230, 0, 2, True, 1425243535.835685)
(0, -10, 0, 64.375, 230, 0, 2, True, 1425243535.938326)
(0, -10, 0, 64.375, 230, 0, 2, True, 1425243536.040424)
(0, -10, 0, 64.375, 230, 0, 2, True, 1425243536.144456)
(0, -10, 0, 64.375, 230, 0, 2, True, 1425243536.249344)
(0, -10, 0, 64.375, 230, 0, 2, True, 1425243536.351275)
(0, -10, 0, 64.375, 230, 0, 2, True, 1425243536.452929)
(0, -10, 0, 64.375, 230, 0, 2, True, 1425243536.557843)
(0, -10, 0, 53.023897058823536, 230, 0, 2, True, 1425243540.569873)
(0, -10, 0, 53.023897058823536, 230, 0, 2, True, 1425243540.67337)
(0, -10, 0, 53.023897058823536, 230, 0, 2, True, 1425243540.7753)
(0, -10, 0, 53.023897058823536, 230, 0, 2, True, 1425243540.880442)
(0, -10, 0, 53.023897058823536, 230, 0, 2, True, 1425243540.982197)
(0, -10, 0, 53.023897058823536, 230, 0, 2, True, 1425243541.08798)
(0, -10, 0, 53.023897058823536, 230, 0, 2, True, 1425243541.19091)
(0, -10, 0, 53.023897058823536, 230, 0, 2, True, 1425243541.292453)
(0, -10, 0, 53.023897058823536, 230, 0, 2, True, 1425243541.396105)
(0, -10, 0, 53.023897058823536, 230, 0, 2, True, 1425243541.497785)
(0, -10, 0, 111.61764705882352, 230, 0, 2, True, 1425243545.56375)
(0, -10, 0, 111.61764705882352, 230, 0, 2, True, 1425243545.665983)
(0, -10, 0, 111.61764705882352, 230, 0, 2, True, 1425243545.767582)
(0, -10, 0, 111.61764705882352, 230, 0, 2, True, 1425243545.86976)
(0, -10, 0, 111.61764705882352, 230, 0, 2, True, 1425243545.972518)
(0, -10, 0, 111.61764705882352, 230, 0, 2, True, 1425243546.075979)
(0, -10, 0, 111.61764705882352, 230, 0, 2, True, 1425243546.178885)
(0, -10, 0, 111.61764705882352, 230, 0, 2, True, 1425243546.284818)
(0, -10, 0, 111.61764705882352, 230, 0, 2, True, 1425243546.386594)
(0, -10, 0, 111.61764705882352, 230, 0, 2, True, 1425243546.488687)
(0, -10, 0, 112.97125668449198, 230, 0, 2, True, 1425243550.59209)
(0, -10, 0, 112.97125668449198, 230, 0, 2, True, 1425243550.694979)
(0, -10, 0, 112.97125668449198, 230, 0, 2, True, 1425243550.797503)
(0, -10, 0, 112.97125668449198, 230, 0, 2, True, 1425243550.903943)
(0, -10, 0, 112.97125668449198, 230, 0, 2, True, 1425243551.006)
(0, -10, 0, 112.97125668449198, 230, 0, 2, True, 1425243551.110274)
(0, -10, 0, 112.97125668449198, 230, 0, 2, True, 1425243551.214437)
(0, -10, 0, 112.97125668449198, 230, 0, 2, True, 1425243551.316201)
(0, -10, 0, 112.97125668449198, 230, 0, 2, True, 1425243551.417693)
(0, -10, 0, 112.97125668449198, 230, 0, 2, True, 1425243551.51922)
(0, -10, 0, 80.91911764705884, 230, 0, 2, True, 1425243555.556309)
(0, -10, 0, 80.91911764705884, 230, 0, 2, True, 1425243555.658229)
(0, -10, 0, 80.91911764705884, 230, 0, 2, True, 1425243555.760055)
(0, -10, 0, 80.91911764705884, 230, 0, 2, True, 1425243555.862332)
(0, -10, 0, 80.91911764705884, 230, 0, 2, True, 1425243555.964307)
(0, -10, 0, 80.91911764705884, 230, 0, 2, True, 1425243556.072842)
(0, -10, 0, 80.91911764705884, 230, 0, 2, True, 1425243556.175025)
(0, -10, 0, 80.91911764705884, 230, 0, 2, True, 1425243556.278606)
(0, -10, 0, 80.91911764705884, 230, 0, 2, True, 1425243556.380674)
(0, -10, 0, 80.91911764705884, 230, 0, 2, True, 1425243556.48241)
(0, -10, 0, 289.0808823529412, 230, 0, 2, True, 1425243560.504156)
(0, -10, 0, 289.0808823529412, 230, 0, 2, True, 1425243560.607345)
(0, -10, 0, 289.0808823529412, 230, 0, 2, True, 1425243560.71009)
(0, -10, 0, 289.0808823529412, 230, 0, 2, True, 1425243560.812425)
(0, -10, 0, 289.0808823529412, 230, 0, 2, True, 1425243560.914958)
(0, -10, 0, 289.0808823529412, 230, 0, 2, True, 1425243561.019336)
(0, -10, 0, 289.0808823529412, 230, 0, 2, True, 1425243561.12483)
(0, -10, 0, 289.0808823529412, 230, 0, 2, True, 1425243561.227863)
(0, -10, 0, 289.0808823529412, 230, 0, 2, True, 1425243561.333069)
(0, -10, 0, 289.0808823529412, 230, 0, 2, True, 1425243561.437811)
