(0, -10, 108.3, 108.3, 230, 0, 2, True, 1425244884.237082)
(0, -10, 108.3, 108.3, 230, 0, 2, True, 1425244884.338939)
(0, -10, 108.3, 108.3, 230, 0, 2, True, 1425244884.44066)
(0, -10, 108.3, 108.3, 230, 0, 2, True, 1425244884.546276)
(0, -10, 108.4, 108.4, 230, 0, 2, True, 1425244884.64933)
(0, -10, 108.4, 108.4, 230, 0, 2, True, 1425244884.755272)
(0, -10, 108.4, 108.4, 230, 0, 2, True, 1425244884.859553)
(0, -10, 108.4, 108.4, 230, 0, 2, True, 1425244884.96132)
(0, -10, 108.4, 108.4, 230, 0, 2, True, 1425244885.062789)
(0, -10, 108.4, 108.4, 230, 0, 2, True, 1425244885.166454)
(0, -10, 108.2, 99.06864406779661, 230, 0, 2, True, 1425244895.411002)
(0, -10, 108.2, 99.06864406779661, 230, 0, 2, True, 1425244895.515379)
(0, -10, 108.3, 99.1686440677966, 230, 0, 2, True, 1425244895.617204)
(0, -10, 108.3, 99.1686440677966, 230, 0, 2, True, 1425244895.71896)
(0, -10, 108.3, 99.1686440677966, 230, 0, 2, True, 1425244895.821006)
(0, -10, 108.3, 99.1686440677966, 230, 0, 2, True, 1425244895.924419)
(0, -10, 108.3, 99.1686440677966, 230, 0, 2, True, 1425244896.028328)
(0, -10, 108.3, 99.1686440677966, 230, 0, 2, True, 1425244896.132074)
(0, -10, 108.3, 99.1686440677966, 230, 0, 2, True, 1425244896.233912)
(0, -10, 108.3, 99.1686440677966, 230, 0, 2, True, 1425244896.335691)
(0, -10, 108.4, 99.80625, 230, 0, 2, True, 1425244907.193323)
(0, -10, 108.4, 99.80625, 230, 0, 2, True, 1425244907.296285)
(0, -10, 108.4, 99.80625, 230, 0, 2, True, 1425244907.398804)
(0, -10, 108.4, 99.80625, 230, 0, 2, True, 1425244907.500944)
(0, -10, 108.4, 99.80625, 230, 0, 2, True, 1425244907.602836)
(0, -10, 108.4, 99.80625, 230, 0, 2, True, 1425244907.709962)
(0, -10, 108.4, 99.80625, 230, 0, 2, True, 1425244907.811532)
(0, -10, 108.4, 99.80625, 230, 0, 2, True, 1425244907.913704)
(0, -10, 108.3, 99.70625, 230, 0, 2, True, 1425244908.01599)
(0, -10, 108.3, 99.70625, 230, 0, 2, True, 1425244908.118785)
(0, -10, 108.4, 99.80625, 230, 0, 2, True, 1425244918.916734)
(0, -10, 108.4, 99.80625, 230, 0, 2, True, 1425244919.018595)
(0, -10, 108.4, 99.80625, 230, 0, 2, True, 1425244919.119968)
(0, -10, 108.2, 99.60625, 230, 0, 2, True, 1425244919.221567)
(0, -10, 108.2, 99.60625, 230, 0, 2, True, 1425244919.323064)
(0, -10, 108.2, 99.60625, 230, 0, 2, True, 1425244919.428817)
(0, -10, 108.2, 99.60625, 230, 0, 2, True, 1425244919.530334)
(0, -10, 108.3, 99.70625, 230, 0, 2, True, 1425244919.632203)
(0, -10, 108.3, 99.70625, 230, 0, 2, True, 1425244919.735272)
(0, -10, 108.3, 99.70625, 230, 0, 2, True, 1425244919.844218)
