(0, -10, 0, 316.7048347771676, 230, 0, 0, False, 1425244161.30291)
(0, -10, 0, 316.7048347771676, 230, 0, 0, False, 1425244161.403882)
(0, -10, 0, 316.7048347771676, 230, 0, 0, False, 1425244161.505301)
(0, -10, 0, 316.7048347771676, 230, 0, 0, False, 1425244161.606237)
(0, -10, 0, 316.7048347771676, 230, 0, 0, False, 1425244161.707436)
(0, -10, 0, 316.7048347771676, 230, 0, 0, False, 1425244161.808435)
(0, -10, 0, 316.7048347771676, 230, 0, 0, False, 1425244161.909788)
(0, -10, 0, 10.79999999068798, 325.799999990688, 0.9299999999999998, 0, False, 1425244162.012731)
(0, -10, 0, 10.79999999068798, 325.799999990688, 0.9299999999999998, 0, False, 1425244162.114618)
(0, -10, 0, 10.79999999068798, 325.799999990688, 0.9299999999999998, 0, False, 1425244162.216525)
(0, -10, 0, 10.79999999068798, 325.799999990688, 0.9299999999999998, 0, False, 1425244162.328983)
(0, -10, 0, 10.79999999068798, 325.799999990688, 0.9299999999999998, 0, False, 1425244162.431106)
(0, -10, 0, 10.79999999068798, 325.799999990688, 0.9299999999999998, 0, False, 1425244162.535244)
(0, -10, 0, 10.79999999068798, 325.799999990688, 0.9299999999999998, 0, False, 1425244162.641788)
(0, -10, 319.1, 280.799999990688, 325.799999990688, 0.9299999999999998, 0, False, 1425244162.745796)
(0, -10, 319.1, 280.799999990688, 325.799999990688, 0.9299999999999998, 0, False, 1425244162.849257)
(0, -10, 319.1, 280.799999990688, 325.799999990688, 0.9299999999999998, 0, False, 1425244162.951664)
(0, -10, 319.1, 282.6381015408421, 327.6381015408421, 1.3703621729531377, 0, False, 1425244163.054063)
(0, -10, 319.1, 282.6381015408421, 327.6381015408421, 1.3703621729531377, 0, False, 1425244163.161294)
(0, -10, 319.1, 282.6381015408421, 327.6381015408421, 1.3703621729531377, 0, False, 1425244163.263386)
(0, -10, 319.1, 282.6381015408421, 327.6381015408421, 1.3703621729531377, 0, False, 1425244163.377645)
(44.22239166666667, -76.48576333333334, 319.1, 100.88996849674476, 327.6381015408421, 1.3703621729531377, 0, False, 1425244163.479468)
(44.22239166666667, -76.48576333333334, 319.1, 100.88996849674476, 327.6381015408421, 1.3703621729531377, 0, False, 1425244163.581644)
(44.22239166666667, -76.48576333333334, 319.1, 100.88996849674476, 327.6381015408421, 1.3703621729531377, 0, False, 1425244163.686666)
(44.22239166666667, -76.48576333333334, 319.1, 100.88996849674476, 327.6381015408421, 1.3703621729531377, 0, False, 1425244163.788466)
(44.22239166666667, -76.48576333333334, 319.1, 100.88996849674476, 327.6381015408421, 1.3703621729531377, 0, False, 1425244163.890248)
(44.22239166666667, -76.48576333333334, 319.1, 100.88996849674476, 327.6381015408421, 1.3703621729531377, 0, False, 1425244163.994808)
(44.22239166666667, -76.48576333333334, 319.5, 100.88996849674476, 327.6381015408421, 1.3703621729531377, 0, False, 1425244164.096717)
(44.22239166666667, -76.48576333333334, 319.5, 100.88996849674476, 327.6381015408421, 1.3703621729531377, 0, False, 1425244164.198708)
(44.22239166666667, -76.48576333333334, 319.5, 100.88996849674476, 327.6381015408421, 1.3703621729531377, 0, False, 1425244164.300898)
(44.22239166666667, -76.48576166666666, 319.5, 100.91855640982112, 326.6614863467831, 1.5588913698609255, 0, False, 1425244164.413134)
(44.22239166666667, -76.48576166666666, 319.5, 100.91855640982112, 326.6614863467831, 1.5588913698609255, 0, False, 1425244164.524693)
(44.22239166666667, -76.48576166666666, 319.5, 100.91855640982112, 326.6614863467831, 1.5588913698609255, 0, False, 1425244164.633468)
(44.22239166666667, -76.48576166666666, 319.5, 100.91855640982112, 326.6614863467831, 1.5588913698609255, 0, False, 1425244164.746007)
(44.22239166666667, -76.48576166666666, 319.5, 100.91855640982112, 326.6614863467831, 1.5588913698609255, 0, False, 1425244164.850588)
(44.22239166666667, -76.48576166666666, 319.5, 100.91855640982112, 326.6614863467831, 1.5588913698609255, 0, False, 1425244164.952382)
(44.22239166666667, -76.48576166666666, 319.5, 100.91855640982112, 326.6614863467831, 1.5588913698609255, 0, False, 1425244165.055577)
(44.22239166666667, -76.48576166666666, 319.5, 100.91855640982112, 323.3238230486373, 1.746308114956318, 0, False, 1425244165.157769)
(44.22239166666667, -76.48576166666666, 319.5, 100.91855640982112, 323.3238230486373, 1.746308114956318, 0, False, 1425244165.260441)
(44.22239166666667, -76.48576166666666, 319.5, 100.91855640982112, 323.3238230486373, 1.746308114956318, 0, False, 1425244165.362465)
(44.22239166666667, -76.48576166666666, 319.5, 100.91855640982112, 323.3238230486373, 1.746308114956318, 0, False, 1425244165.475812)
(44.22239166666667, -76.48576166666666, 319.5, 100.91855640982112, 323.3238230486373, 1.746308114956318, 0, False, 1425244165.577781)
(44.22239166666667, -76.48576166666666, 319.5, 100.91855640982112, 323.3238230486373, 1.746308114956318, 0, False, 1425244165.68289)
(44.22239166666667, -76.48576166666666, 319.5, 100.91855640982112, 323.3238230486373, 1.746308114956318, 0, False, 1425244165.785169)
(44.22239166666667, -76.48576166666666, 319.5, 100.91855640982112, 319.3236449996998, 1.8739055041317942, 0, False, 1425244165.8873)
(44.22239166666667, -76.48576166666666, 319.5, 100.91855640982112, 319.3236449996998, 1.8739055041317942, 0, False, 1425244165.989303)
(44.22239166666667, -76.48576166666666, 319.5, 100.91855640982112, 319.3236449996998, 1.8739055041317942, 0, False, 1425244166.091002)
(44.22239166666667, -76.48576166666666, 319.5, 100.91855640982112, 319.3236449996998, 1.8739055041317942, 0, False, 1425244166.193522)
(44.22239166666667, -76.48576166666666, 319.5, 100.91855640982112, 319.3236449996998, 1.8739055041317942, 0, False, 1425244166.295489)
(44.22239166666667, -76.48576166666666, 319.5, 100.91855640982112, 319.3236449996998, 1.8739055041317942, 0, False, 1425244166.397374)
(44.22239166666667, -76.48576166666666, 319.5, 100.91855640982112, 319.3236449996998, 1.8739055041317942, 0, False, 1425244166.510249)
(44.22239166666667, -76.48576166666666, 319.5, 100.91855640982112, 319.3236449996998, 1.8739055041317942, 0, False, 1425244166.612229)
(44.22239166666667, -76.48576166666666, 319.5, 100.91855640982112, 319.3236449996998, 1.8739055041317942, 0, False, 1425244166.714557)
(44.22239166666667, -76.48576166666666, 319.5, 100.91855640982112, 319.3236449996998, 1.8739055041317942, 0, False, 1425244166.817205)
(44.22239166666667, -76.48576166666666, 319.5, 100.91855640982112, 319.3236449996998, 1.8739055041317942, 0, False, 1425244166.919369)
(44.22239166666667, -76.48576166666666, 319.5, 100.91855640982112, 319.3236449996998, 1.8739055041317942, 0, False, 1425244167.022575)
(44.22239166666667, -76.48576166666666, 319.5, 100.91855640982112, 319.3236449996998, 1.8739055041317942, 0, False, 1425244167.124465)
(44.22239166666667, -76.48576166666666, 319.0, 100.91855640982112, 319.3236449996998, 1.8739055041317942, 0, False, 1425244167.227101)
(44.22239166666667, -76.48576166666666, 319.0, 100.91855640982112, 319.3236449996998, 1.8739055041317942, 0, False, 1425244167.330169)
(44.22239166666667, -76.48576166666666, 319.0, 100.91855640982112, 319.3236449996998, 1.8739055041317942, 0, False, 1425244167.43479)
(44.22239166666667, -76.48576166666666, 319.0, 100.91855640982112, 319.3236449996998, 1.8739055041317942, 0, False, 1425244167.548344)
(44.22239166666667, -76.48576166666666, 319.0, 100.91855640982112, 319.04794751318843, 1.9716884855452206, 0, False, 1425244167.650236)
(44.22239166666667, -76.48576166666666, 319.0, 100.91855640982112, 319.04794751318843, 1.9716884855452206, 0, False, 1425244167.752399)
(44.22239166666667, -76.48576166666666, 319.0, 100.91855640982112, 319.04794751318843, 1.9716884855452206, 0, False, 1425244167.858455)
(44.22239166666667, -76.48576166666666, 319.0, 100.91855640982112, 316.1428499274095, 1.9138584659472748, 0, False, 1425244167.960299)
(44.22239166666667, -76.48576166666666, 319.0, 100.91855640982112, 316.1428499274095, 1.9138584659472748, 0, False, 1425244168.062207)
(44.22239166666667, -76.48576166666666, 319.0, 100.91855640982112, 316.1428499274095, 1.9138584659472748, 0, False, 1425244168.166926)
(44.22239166666667, -76.48576166666666, 319.0, 100.91855640982112, 316.1428499274095, 1.9138584659472748, 0, False, 1425244168.268922)
(44.22239166666667, -76.48576166666666, 319.0, 100.91855640982112, 316.1428499274095, 1.9138584659472748, 0, False, 1425244168.37128)
