(0, -10, 0, 316.70194798219575, 230, 0, 2, False, 1425246482.8546)
(0, -10, 0, 316.70194798219575, 230, 0, 2, False, 1425246482.968861)
(0, -10, 0, 316.70194798219575, 230, 0, 2, False, 1425246483.069928)
(0, -10, 0, 316.70194798219575, 230, 0, 2, False, 1425246483.171725)
(0, -10, 0, 316.70194798219575, 230, 0, 2, False, 1425246483.272985)
(0, -10, 0, 316.70194798219575, 230, 0, 2, False, 1425246483.374207)
(0, -10, 0, 316.70194798219575, 230, 0, 2, False, 1425246483.475967)
(0, -10, 0, 316.70194798219575, 230, 0, 2, False, 1425246483.580977)
(0, -10, 0, 316.70194798219575, 230, 0, 2, False, 1425246483.683086)
(0, -10, 0, 316.70194798219575, 230, 0, 2, False, 1425246483.78896)
(0, -10, 0, 316.70194798219575, 230, 0, 2, False, 1425246483.898867)
(0, -10, 0, 316.70194798219575, 230, 0, 2, False, 1425246484.023628)
(0, -10, 0, 316.70194798219575, 230, 0, 2, False, 1425246484.126131)
(0, -10, 0, 316.70194798219575, 230, 0, 2, False, 1425246484.231869)
(0, -10, 0, 316.70194798219575, 230, 0, 2, False, 1425246484.334249)
(0, -10, 0, 316.70194798219575, 230, 0, 2, False, 1425246484.438834)
(0, -10, 0, 316.70194798219575, 230, 0, 2, False, 1425246484.540889)
(0, -10, 0, 316.70194798219575, 230, 0, 2, False, 1425246484.643223)
(0, -10, 0, 316.70194798219575, 230, 0, 2, False, 1425246484.745649)
(0, -10, 0, 316.70194798219575, 230, 0, 2, False, 1425246484.848423)
(0, -10, 0, 316.70194798219575, 230, 0, 2, False, 1425246484.954015)
(0, -10, 0, 316.70194798219575, 230, 0, 2, False, 1425246485.071539)
(0, -10, 0, 316.70194798219575, 230, 0, 2, False, 1425246485.176275)
(0, -10, 0, 316.70194798219575, 230, 0, 2, False, 1425246485.278686)
(0, -10, 0, 316.70194798219575, 230, 0, 2, False, 1425246485.380757)
(0, -10, 0, 316.70194798219575, 230, 0, 2, False, 1425246485.487184)
(0, -10, 0, 316.70194798219575, 230, 0, 2, False, 1425246485.589394)
(0, -10, 0, 316.70194798219575, 230, 0, 2, False, 1425246485.700564)
(0, -10, 0, 316.70194798219575, 230, 0, 2, False, 1425246485.806856)
(0, -10, 0, 316.70194798219575, 230, 0, 2, False, 1425246485.911881)
(0, -10, 0, 316.70194798219575, 230, 0, 2, False, 1425246486.02251)
(0, -10, 0, 316.70194798219575, 230, 0, 2, False, 1425246486.147184)
(0, -10, 0, 316.70194798219575, 230, 0, 2, False, 1425246486.249517)
(0, -10, 0, 316.70194798219575, 230, 0, 2, False, 1425246486.351781)
(0, -10, 0, 316.70194798219575, 230, 0, 2, False, 1425246486.456099)
(0, -10, 0, 316.70194798219575, 230, 0, 2, False, 1425246486.558232)
(0, -10, 0, 316.70194798219575, 230, 0, 2, False, 1425246486.662961)
(0, -10, 0, 316.70194798219575, 230, 0, 2, False, 1425246486.765157)
(0, -10, 0, 316.70194798219575, 230, 0, 2, False, 1425246486.867667)
(0, -10, 0, 316.70194798219575, 230, 0, 2, False, 1425246486.970301)
(0, -10, 0, 316.70194798219575, 230, 0, 2, False, 1425246487.079)
(0, -10, 0, 316.70194798219575, 230, 0, 2, False, 1425246487.204273)
(0, -10, 0, 316.70194798219575, 230, 0, 2, False, 1425246487.306553)
(0, -10, 0, 316.70194798219575, 230, 0, 2, False, 1425246487.40889)
(0, -10, 0, 316.70194798219575, 230, 0, 2, False, 1425246487.519858)
(0, -10, 0, 316.70194798219575, 230, 0, 2, False, 1425246487.622382)
(0, -10, 0, 316.70194798219575, 230, 0, 2, False, 1425246487.724402)
(0, -10, 0, 316.70194798219575, 230, 0, 2, False, 1425246487.827088)
(0, -10, 0, 316.70194798219575, 230, 0, 2, False, 1425246487.932469)
(0, -10, 0, 316.70194798219575, 230, 0, 2, False, 1425246488.034642)
(0, -10, 0, 316.70194798219575, 230, 0, 2, False, 1425246488.142059)
(0, -10, 0, 316.70194798219575, 230, 0, 2, False, 1425246488.266266)
(0, -10, 0, 316.70194798219575, 230, 0, 2, False, 1425246488.368463)
(0, -10, 0, 316.70194798219575, 230, 0, 2, False, 1425246488.471719)
(0, -10, 0, 316.70194798219575, 230, 0, 2, False, 1425246488.573855)
(0, -10, 0, 316.70194798219575, 230, 0, 2, False, 1425246488.676095)
(0, -10, 0, 316.70194798219575, 230, 0, 2, False, 1425246488.77851)
(0, -10, 0, 316.70194798219575, 230, 0, 2, False, 1425246488.883069)
(0, -10, 0, 316.70194798219575, 230, 0, 2, False, 1425246488.985474)
(0, -10, 0, 316.70194798219575, 230, 0, 2, False, 1425246489.090897)
(0, -10, 0, 316.70194798219575, 230, 0, 2, False, 1425246489.197049)
(0, -10, 0, 316.70194798219575, 230, 0, 2, False, 1425246489.320257)
(0, -10, 0, 316.70194798219575, 230, 0, 2, False, 1425246489.422828)
(0, -10, 0, 316.70194798219575, 230, 0, 2, False, 1425246489.528916)
(0, -10, 0, 316.70194798219575, 230, 0, 2, False, 1425246489.631332)
(0, -10, 0, 316.70194798219575, 230, 0, 2, False, 1425246489.737748)
(0, -10, 0, 316.70194798219575, 230, 0, 2, False, 1425246489.843606)
(0, -10, 0, 316.70194798219575, 230, 0, 2, False, 1425246489.946182)
(0, -10, 0, 316.70194798219575, 230, 0, 2, False, 1425246490.050797)
(0, -10, 0, 316.70194798219575, 230, 0, 2, False, 1425246490.153301)
(0, -10, 0, 316.70194798219575, 230, 0, 2, False, 1425246490.258978)
(0, -10, 0, 316.70194798219575, 230, 0, 2, False, 1425246490.377245)
(0, -10, 0, 316.70194798219575, 230, 0, 2, False, 1425246490.483805)
(0, -10, 0, 316.70194798219575, 230, 0, 2, False, 1425246490.585961)
(0, -10, 0, 316.70194798219575, 230, 0, 2, False, 1425246490.690622)
(0, -10, 0, 316.70194798219575, 230, 0, 2, False, 1425246490.793947)
(0, -10, 0, 316.70194798219575, 230, 0, 2, False, 1425246490.896165)
(0, -10, 0, 316.70194798219575, 230, 0, 2, False, 1425246490.998797)
(0, -10, 0, 316.70194798219575, 230, 0, 2, False, 1425246491.103246)
(0, -10, 0, 316.70194798219575, 230, 0, 2, False, 1425246491.205564)
(0, -10, 0, 316.70194798219575, 230, 0, 2, False, 1425246491.320019)
(0, -10, 0, 316.70194798219575, 230, 0, 2, False, 1425246491.448162)
(0, -10, 0, 316.70194798219575, 230, 0, 2, False, 1425246491.550401)
(0, -10, 0, 316.70194798219575, 230, 0, 2, False, 1425246491.653846)
(0, -10, 0, 316.70194798219575, 230, 0, 2, False, 1425246491.756113)
(0, -10, 0, 316.70194798219575, 230, 0, 2, False, 1425246491.858581)
(0, -10, 0, 316.70194798219575, 230, 0, 2, False, 1425246491.960603)
(0, -10, 0, 316.70194798219575, 230, 0, 2, False, 1425246492.063111)
(0, -10, 0, 316.70194798219575, 230, 0, 2, False, 1425246492.165232)
(0, -10, 0, 316.70194798219575, 230, 0, 2, False, 1425246492.26737)
(0, -10, 0, 316.70194798219575, 230, 0, 2, False, 1425246492.375191)
(0, -10, 0, 316.70194798219575, 230, 0, 2, False, 1425246492.499714)
(0, -10, 0, 316.70194798219575, 230, 0, 2, False, 1425246492.602414)
(0, -10, 0, 316.70194798219575, 230, 0, 2, False, 1425246492.707777)
(0, -10, 0, 316.70194798219575, 230, 0, 2, False, 1425246492.814336)
(0, -10, 0, 316.70194798219575, 230, 0, 2, False, 1425246492.916879)
