(0, -10, 126.6, 352.25625, 230, 0, 2, True, 1425244217.492578)
(0, -10, 126.6, 352.25625, 230, 0, 2, True, 1425244217.594594)
(0, -10, 126.6, 352.25625, 230, 0, 2, True, 1425244217.696792)
(0, -10, 126.6, 352.25625, 230, 0, 2, True, 1425244217.797776)
(0, -10, 126.6, 352.25625, 230, 0, 2, True, 1425244217.899894)
(0, -10, 126.6, 352.25625, 230, 0, 2, True, 1425244218.002552)
(0, -10, 126.7, 352.35625, 230, 0, 2, True, 1425244218.106435)
(0, -10, 126.7, 352.35625, 230, 0, 2, True, 1425244218.208041)
(0, -10, 126.7, 352.35625, 230, 0, 2, True, 1425244218.31217)
(0, -10, 126.7, 352.35625, 230, 0, 2, True, 1425244218.414532)
