(0, -10, 0, 316.70194798219575, 230, 0, 2, False, 1425246825.302496)
(0, -10, 0, 316.70194798219575, 230, 0, 2, False, 1425246825.403361)
(0, -10, 0, 316.70194798219575, 230, 0, 2, False, 1425246825.504088)
(0, -10, 0, 316.70194798219575, 230, 0, 2, False, 1425246825.608612)
(44.21967, -76.48578333333333, 0, 109.26316564920546, 230, 0, 2, False, 1425246825.709785)
(44.21967, -76.48578333333333, 0, 109.26316564920546, 230, 0, 2, False, 1425246825.811015)
(44.21967, -76.48578333333333, 0, 109.26316564920546, 230, 0, 2, False, 1425246825.912062)
(44.21967, -76.48578333333333, 0, 109.26316564920546, 230, 0, 2, False, 1425246826.013132)
(44.21967, -76.48578333333333, 0, 109.26316564920546, 230, 0, 2, False, 1425246826.115798)
(44.21967, -76.48578333333333, 0, 109.26316564920546, 230, 0, 2, False, 1425246826.2196)
(44.21967, -76.48578333333333, 0, 109.26316564920546, 230, 0, 2, False, 1425246826.334488)
(44.21967, -76.48578333333333, 0, 109.26316564920546, 230, 0, 2, False, 1425246826.43662)
(44.21967, -76.48578333333333, 0, 109.26316564920546, 230, 0, 2, False, 1425246826.538506)
(44.21967, -76.48578333333333, 0, 109.26316564920546, 230, 0, 2, False, 1425246826.642257)
(44.21967, -76.48578333333333, 0, 109.26316564920546, 230, 0, 2, False, 1425246826.744778)
(44.21967, -76.48578333333333, 0, 109.26316564920546, 230, 0, 2, False, 1425246826.847103)
(44.21967, -76.48578333333333, 0, 109.26316564920546, 230, 0, 2, False, 1425246826.949019)
(44.21967, -76.48578333333333, 0, 109.26316564920546, 230, 0, 2, False, 1425246827.05463)
(44.21967, -76.48578333333333, 0, 109.26316564920546, 230, 0, 2, False, 1425246827.157376)
(44.21967, -76.48578333333333, 0, 109.26316564920546, 230, 0, 2, False, 1425246827.259436)
(44.21967, -76.48578333333333, 0, 109.26316564920546, 230, 0, 2, False, 1425246827.371944)
(44.21967, -76.48578333333333, 0, 109.26316564920546, 230, 0, 2, True, 1425246827.474064)
(44.21967, -76.48578333333333, 0, 109.26316564920546, 230, 0, 2, True, 1425246827.576063)
(44.21967, -76.48578333333333, 0, 109.26316564920546, 230, 0, 2, True, 1425246827.678335)
(44.21966, -76.48578166666667, 0, 109.0676336812557, 230, 0, 2, True, 1425246827.781148)
(44.21966, -76.48578166666667, 0, 109.0676336812557, 230, 0, 2, True, 1425246827.88559)
(44.21966, -76.48578166666667, 0, 109.0676336812557, 230, 0, 2, True, 1425246827.988158)
(44.21966, -76.48578166666667, 0, 109.0676336812557, 230, 0, 2, True, 1425246828.095122)
(44.21966, -76.48578166666667, 0, 109.0676336812557, 230, 0, 2, True, 1425246828.197253)
(44.21966, -76.48578166666667, 0, 109.0676336812557, 230, 0, 2, True, 1425246828.299636)
(44.21966, -76.48578166666667, 0, 109.0676336812557, 230, 0, 2, True, 1425246828.423953)
(44.21966, -76.48578166666667, 0, 109.0676336812557, 230, 0, 2, True, 1425246828.526824)
(44.21966, -76.48578166666667, 0, 109.0676336812557, 230, 0, 2, True, 1425246828.628847)
(44.219651666666664, -76.48578333333333, 0, 108.88884736575665, 230, 0, 2, True, 1425246828.731834)
(44.219651666666664, -76.48578333333333, 0, 108.88884736575665, 230, 0, 2, True, 1425246828.833831)
(44.219651666666664, -76.48578333333333, 0, 108.88884736575665, 230, 0, 2, True, 1425246828.938689)
(44.219651666666664, -76.48578333333333, 0, 108.88884736575665, 230, 0, 2, True, 1425246829.044739)
(44.219651666666664, -76.48578333333333, 0, 108.88884736575665, 230, 0, 2, True, 1425246829.147123)
(44.219651666666664, -76.48578333333333, 0, 108.88884736575665, 230, 0, 2, True, 1425246829.249194)
(44.219651666666664, -76.48578333333333, 0, 108.88884736575665, 230, 0, 2, True, 1425246829.353374)
(44.219651666666664, -76.48578333333333, 0, 108.88884736575665, 230, 0, 2, True, 1425246829.464493)
(44.219651666666664, -76.48578333333333, 0, 108.88884736575665, 230, 0, 2, True, 1425246829.569723)
(44.219651666666664, -76.48578333333333, 0, 108.88884736575665, 230, 0, 2, True, 1425246829.675289)
(44.219651666666664, -76.48578333333333, 0, 108.88884736575665, 230, 0, 2, True, 1425246829.7803)
(44.219651666666664, -76.48578333333333, 0, 108.88884736575665, 230, 0, 2, True, 1425246829.882388)
(44.219651666666664, -76.48578333333333, 0, 108.88884736575665, 230, 0, 2, True, 1425246829.986727)
(44.219651666666664, -76.48578333333333, 0, 108.88884736575665, 230, 0, 2, True, 1425246830.108101)
(44.219651666666664, -76.48578333333333, 0, 108.88884736575665, 230, 0, 2, True, 1425246830.210638)
(44.219651666666664, -76.48578333333333, 0, 108.88884736575665, 230, 0, 2, True, 1425246830.316087)
(44.219651666666664, -76.48578333333333, 0, 108.88884736575665, 230, 0, 2, True, 1425246830.418559)
(44.219651666666664, -76.48578333333333, 0, 108.88884736575665, 230, 0, 2, True, 1425246830.528652)
(44.219651666666664, -76.48578333333333, 0, 108.88884736575665, 230, 0, 2, True, 1425246830.634075)
(44.219651666666664, -76.48578333333333, 0, 108.88884736575665, 230, 0, 2, True, 1425246830.736224)
(44.219635, -76.48580166666666, 0, 108.45693763489555, 230, 0, 2, True, 1425246830.838411)
(44.219635, -76.48580166666666, 0, 108.45693763489555, 230, 0, 2, True, 1425246830.940717)
(44.219635, -76.48580166666666, 0, 108.45693763489555, 230, 0, 2, True, 1425246831.04866)
(44.219635, -76.48580166666666, 0, 108.45693763489555, 230, 0, 2, True, 1425246831.151285)
(44.219635, -76.48580166666666, 0, 108.45693763489555, 230, 0, 2, True, 1425246831.253277)
(44.219635, -76.48580166666666, 0, 108.45693763489555, 230, 0, 2, True, 1425246831.357175)
(44.219635, -76.48580166666666, 0, 108.45693763489555, 230, 0, 2, True, 1425246831.459507)
(44.219635, -76.48580166666666, 0, 108.45693763489555, 230, 0, 2, True, 1425246831.570677)
(44.219635, -76.48580166666666, 0, 108.45693763489555, 230, 0, 2, True, 1425246831.672803)
(44.219631666666665, -76.48580166666666, 0, 108.38870832920958, 230, 0, 2, True, 1425246831.774945)
(44.219631666666665, -76.48580666666666, 0, 108.36434312496004, 230, 0, 2, True, 1425246831.877322)
(44.219631666666665, -76.48580666666666, 0, 108.36434312496004, 230, 0, 2, True, 1425246831.981595)
(44.219631666666665, -76.48580666666666, 0, 108.36434312496004, 230, 0, 2, True, 1425246832.085451)
(44.219631666666665, -76.48580666666666, 0, 108.36434312496004, 230, 0, 2, True, 1425246832.1875)
(44.219631666666665, -76.48580666666666, 0, 108.36434312496004, 230, 0, 2, True, 1425246832.290642)
(44.219631666666665, -76.48580666666666, 0, 108.36434312496004, 230, 0, 2, True, 1425246832.393056)
(44.219631666666665, -76.48580666666666, 0, 108.36434312496004, 230, 0, 2, True, 1425246832.495187)
(44.219631666666665, -76.48580666666666, 0, 108.36434312496004, 230, 0, 2, True, 1425246832.60537)
(44.219631666666665, -76.48580666666666, 0, 108.36434312496004, 230, 0, 2, True, 1425246832.711444)
(44.219631666666665, -76.48580666666666, 0, 108.36434312496004, 230, 0, 2, True, 1425246832.813504)
(44.219631666666665, -76.48580666666666, 0, 108.36434312496004, 230, 0, 2, True, 1425246832.915452)
(44.219631666666665, -76.48580666666666, 0, 108.36434312496004, 230, 0, 2, True, 1425246833.0173)
(44.219631666666665, -76.48580666666666, 0, 108.36434312496004, 230, 0, 2, True, 1425246833.125085)
(44.219631666666665, -76.48580666666666, 0, 108.36434312496004, 230, 0, 2, True, 1425246833.227556)
(44.219631666666665, -76.48580666666666, 0, 108.36434312496004, 230, 0, 2, True, 1425246833.329459)
(44.219631666666665, -76.48580666666666, 0, 108.36434312496004, 230, 0, 2, True, 1425246833.431363)
(44.219631666666665, -76.48580666666666, 0, 108.36434312496004, 230, 0, 2, True, 1425246833.533873)
(44.21962666666667, -76.48581833333333, 0, 108.20567564316264, 230, 0, 2, True, 1425246833.657022)
(44.21962666666667, -76.48581833333333, 0, 108.20567564316264, 230, 0, 2, True, 1425246833.759235)
(44.21962666666667, -76.48581833333333, 0, 108.20567564316264, 230, 0, 2, True, 1425246833.861162)
(44.21962666666667, -76.48581833333333, 0, 108.20567564316264, 230, 0, 2, True, 1425246833.963446)
(44.21962666666667, -76.48581833333333, 0, 108.20567564316264, 230, 0, 2, True, 1425246834.065608)
(44.21962666666667, -76.48581833333333, 0, 108.20567564316264, 230, 0, 2, True, 1425246834.17259)
(44.21962666666667, -76.48581833333333, 0, 108.20567564316264, 230, 0, 2, True, 1425246834.274681)
(44.21962666666667, -76.48581833333333, 0, 108.20567564316264, 230, 0, 2, True, 1425246834.380717)
(44.21962666666667, -76.48581833333333, 0, 108.20567564316264, 230, 0, 2, True, 1425246834.48366)
(44.21962, -76.485815, 0, 108.08537227113175, 230, 0, 2, True, 1425246834.585698)
(44.21962, -76.485815, 0, 108.08537227113175, 230, 0, 2, True, 1425246834.712703)
(44.21962, -76.485815, 0, 108.08537227113175, 230, 0, 2, True, 1425246834.815985)
(44.21962, -76.485815, 0, 108.08537227113175, 230, 0, 2, True, 1425246834.922859)
(44.21962, -76.485815, 0, 108.08537227113175, 230, 0, 2, True, 1425246835.028617)
(44.21962, -76.485815, 0, 108.08537227113175, 230, 0, 2, True, 1425246835.131337)
(44.21962, -76.485815, 0, 108.08537227113175, 230, 0, 2, True, 1425246835.235719)
(44.21962, -76.485815, 0, 108.08537227113175, 230, 0, 2, True, 1425246835.339768)
(44.21962, -76.485815, 0, 108.08537227113175, 230, 0, 2, True, 1425246835.442164)
(44.21962, -76.485815, 0, 108.08537227113175, 230, 0, 2, True, 1425246835.544475)
(44.21962, -76.485815, 0, 108.08537227113175, 230, 0, 2, True, 1425246835.649649)
(44.21962, -76.485815, 0, 108.08537227113175, 230, 0, 2, True, 1425246835.759847)
(44.21962, -76.485815, 0, 108.08537227113175, 230, 0, 2, True, 1425246835.862609)
(44.21962, -76.485815, 0, 108.08537227113175, 230, 0, 2, True, 1425246835.964508)
(44.21962, -76.485815, 0, 108.08537227113175, 230, 0, 2, True, 1425246836.066905)
(44.21962, -76.485815, 0, 108.08537227113175, 230, 0, 2, True, 1425246836.169204)
(44.21962, -76.485815, 0, 108.08537227113175, 230, 0, 2, True, 1425246836.273349)
(44.21962, -76.485815, 0, 108.08537227113175, 230, 0, 2, True, 1425246836.375763)
(44.21962, -76.485815, 0, 108.08537227113175, 230, 0, 2, True, 1425246836.4779)
(44.21962, -76.485815, 0, 108.08537227113175, 230, 0, 2, True, 1425246836.582724)
(44.219611666666665, -76.48581833333333, 0, 107.89878800989942, 230, 0, 2, True, 1425246836.684665)
(44.219611666666665, -76.48581833333333, 0, 107.89878800989942, 230, 0, 2, True, 1425246836.801326)
(44.219611666666665, -76.48581833333333, 0, 107.89878800989942, 230, 0, 2, True, 1425246836.907507)
(44.219611666666665, -76.48581833333333, 0, 107.89878800989942, 230, 0, 2, True, 1425246837.009785)
(44.219611666666665, -76.48581833333333, 0, 107.89878800989942, 230, 0, 2, True, 1425246837.112109)
(44.219611666666665, -76.48581833333333, 0, 107.89878800989942, 230, 0, 2, True, 1425246837.216842)
(44.219611666666665, -76.48581833333333, 0, 107.89878800989942, 230, 0, 2, True, 1425246837.321419)
(44.219611666666665, -76.48581833333333, 0, 107.89878800989942, 230, 0, 2, True, 1425246837.423811)
(44.219611666666665, -76.48581833333333, 0, 107.89878800989942, 230, 0, 2, True, 1425246837.525829)
(44.219611666666665, -76.48581833333333, 0, 107.89878800989942, 230, 0, 2, True, 1425246837.630178)
(44.21961, -76.48581833333333, 0, 107.86462339398577, 230, 0, 2, True, 1425246837.732261)
(44.21961, -76.48581833333333, 0, 107.86462339398577, 230, 0, 2, True, 1425246837.849021)
(44.21961, -76.48581833333333, 0, 107.86462339398577, 230, 0, 2, True, 1425246837.95167)
(44.21961, -76.48581833333333, 0, 107.86462339398577, 230, 0, 2, True, 1425246838.053814)
(44.21961, -76.48581833333333, 0, 107.86462339398577, 230, 0, 2, True, 1425246838.159833)
(44.21961, -76.48581833333333, 0, 107.86462339398577, 230, 0, 2, True, 1425246838.262021)
(44.21961, -76.48581833333333, 0, 107.86462339398577, 230, 0, 2, True, 1425246838.366439)
(44.21961, -76.48581833333333, 0, 107.86462339398577, 230, 0, 2, True, 1425246838.470364)
(44.21961, -76.48581833333333, 0, 107.86462339398577, 230, 0, 2, True, 1425246838.572435)
(44.21961, -76.48581833333333, 0, 107.86462339398577, 230, 0, 2, True, 1425246838.67507)
(44.21961, -76.48581833333333, 0, 107.86462339398577, 230, 0, 2, True, 1425246838.778191)
(44.21961, -76.48581833333333, 0, 107.86462339398577, 230, 0, 2, True, 1425246838.890128)
(44.21961, -76.48581833333333, 0, 107.86462339398577, 230, 0, 2, True, 1425246838.992044)
(44.21961, -76.48581833333333, 0, 107.86462339398577, 230, 0, 2, True, 1425246839.096906)
(44.21961, -76.48581833333333, 0, 107.86462339398577, 230, 0, 2, True, 1425246839.199045)
(44.21961, -76.48581833333333, 0, 107.86462339398577, 230, 0, 2, True, 1425246839.302074)
(44.21961, -76.48581833333333, 0, 107.86462339398577, 230, 0, 2, True, 1425246839.406176)
(44.21961, -76.48581833333333, 0, 107.86462339398577, 230, 0, 2, True, 1425246839.512495)
(44.21961, -76.48581833333333, 0, 107.86462339398577, 230, 0, 2, True, 1425246839.614439)
(44.21960166666667, -76.48581833333333, 0, 107.69360359288441, 230, 0, 2, True, 1425246839.716441)
(44.21960166666667, -76.48581833333333, 0, 107.69360359288441, 230, 0, 2, True, 1425246839.821345)
(44.21960166666667, -76.48581833333333, 0, 107.69360359288441, 230, 0, 2, True, 1425246839.937906)
(44.21960166666667, -76.48581833333333, 0, 107.69360359288441, 230, 0, 2, True, 1425246840.040181)
(44.21960166666667, -76.48581833333333, 0, 107.69360359288441, 230, 0, 2, True, 1425246840.144175)
(44.21960166666667, -76.48581833333333, 0, 107.69360359288441, 230, 0, 2, True, 1425246840.246492)
(44.21960166666667, -76.48581833333333, 0, 107.69360359288441, 230, 0, 2, True, 1425246840.348615)
(44.21960166666667, -76.48581833333333, 0, 107.69360359288441, 230, 0, 2, True, 1425246840.45281)
(44.21960166666667, -76.48581833333333, 0, 107.69360359288441, 230, 0, 2, True, 1425246840.557575)
(44.219595, -76.48581833333333, 0, 107.55655270046299, 230, 0, 2, True, 1425246840.664467)
(44.219595, -76.48581833333333, 0, 107.55655270046299, 230, 0, 2, True, 1425246840.769707)
(44.219595, -76.48581833333333, 0, 107.55655270046299, 230, 0, 2, True, 1425246840.872081)
(44.219595, -76.48581833333333, 0, 107.55655270046299, 230, 0, 2, True, 1425246840.982232)
(44.219595, -76.48581833333333, 0, 107.55655270046299, 230, 0, 2, True, 1425246841.084498)
(44.219595, -76.48581833333333, 0, 107.55655270046299, 230, 0, 2, True, 1425246841.190856)
(44.219595, -76.48581833333333, 0, 107.55655270046299, 230, 0, 2, True, 1425246841.292737)
(44.219595, -76.48581833333333, 0, 107.55655270046299, 230, 0, 2, True, 1425246841.395031)
(44.219595, -76.48581833333333, 0, 107.55655270046299, 230, 0, 2, True, 1425246841.498782)
(44.219595, -76.48581833333333, 0, 107.55655270046299, 230, 0, 2, True, 1425246841.600696)
(44.219595, -76.48581833333333, 0, 107.55655270046299, 230, 0, 2, True, 1425246841.70487)
(44.219595, -76.48581833333333, 0, 107.55655270046299, 230, 0, 2, True, 1425246841.807104)
(44.219595, -76.48581833333333, 0, 107.55655270046299, 230, 0, 2, True, 1425246841.909096)
(44.219595, -76.48581833333333, 0, 107.55655270046299, 230, 0, 2, True, 1425246842.024203)
(44.219595, -76.48581833333333, 0, 107.55655270046299, 230, 0, 2, True, 1425246842.126133)
(44.219595, -76.48581833333333, 0, 107.55655270046299, 230, 0, 2, True, 1425246842.228038)
(44.219595, -76.48581833333333, 0, 107.55655270046299, 230, 0, 2, True, 1425246842.333192)
(44.219595, -76.48581833333333, 0, 107.55655270046299, 230, 0, 2, True, 1425246842.435204)
(44.219595, -76.48581833333333, 0, 107.55655270046299, 230, 0, 2, True, 1425246842.539214)
(44.219595, -76.48581833333333, 0, 107.55655270046299, 230, 0, 2, True, 1425246842.644589)
(44.219588333333334, -76.485825, 0, 107.38845561643416, 230, 0, 2, True, 1425246842.747092)
(44.219588333333334, -76.485825, 0, 107.38845561643416, 230, 0, 2, True, 1425246842.849048)
(44.219588333333334, -76.485825, 0, 107.38845561643416, 230, 0, 2, True, 1425246842.954689)
(44.219588333333334, -76.485825, 0, 107.38845561643416, 230, 0, 2, True, 1425246843.067643)
(44.219588333333334, -76.485825, 0, 107.38845561643416, 230, 0, 2, True, 1425246843.169493)
(44.219588333333334, -76.485825, 0, 107.38845561643416, 230, 0, 2, True, 1425246843.272909)
(44.219588333333334, -76.485825, 0, 107.38845561643416, 230, 0, 2, True, 1425246843.375505)
(44.219588333333334, -76.485825, 0, 107.38845561643416, 230, 0, 2, True, 1425246843.477723)
(44.219588333333334, -76.485825, 0, 107.38845561643416, 230, 0, 2, True, 1425246843.584963)
(44.219588333333334, -76.485825, 0, 107.38845561643416, 230, 0, 2, True, 1425246843.690679)
(44.21958333333333, -76.48583333333333, 0, 107.24733499682247, 230, 0, 2, True, 1425246843.792671)
(44.21958333333333, -76.48583333333333, 0, 107.24733499682247, 230, 0, 2, True, 1425246843.899584)
(44.21958333333333, -76.48583333333333, 0, 107.24733499682247, 230, 0, 2, True, 1425246844.001418)
(44.21958333333333, -76.48583333333333, 0, 107.24733499682247, 230, 0, 2, True, 1425246844.117699)
(44.21958333333333, -76.48583333333333, 0, 107.24733499682247, 230, 0, 2, True, 1425246844.219842)
(44.21958333333333, -76.48583333333333, 0, 107.24733499682247, 230, 0, 2, True, 1425246844.324083)
(44.21958333333333, -76.48583333333333, 0, 107.24733499682247, 230, 0, 2, True, 1425246844.426582)
(44.21958333333333, -76.48583333333333, 0, 107.24733499682247, 230, 0, 2, True, 1425246844.528778)
(44.21958333333333, -76.48583333333333, 0, 107.24733499682247, 230, 0, 2, True, 1425246844.653502)
(44.21958333333333, -76.48583333333333, 0, 107.24733499682247, 230, 0, 2, True, 1425246844.756009)
(44.21958333333333, -76.48583333333333, 0, 107.24733499682247, 230, 0, 2, True, 1425246844.862363)
(44.21958333333333, -76.48583333333333, 0, 107.24733499682247, 230, 0, 2, True, 1425246844.964307)
(44.21958333333333, -76.48583333333333, 0, 107.24733499682247, 230, 0, 2, True, 1425246845.066463)
(44.21958333333333, -76.48583333333333, 0, 107.24733499682247, 230, 0, 2, True, 1425246845.185216)
(44.21958333333333, -76.48583333333333, 0, 107.24733499682247, 230, 0, 2, True, 1425246845.287403)
(44.21958333333333, -76.48583333333333, 0, 107.24733499682247, 230, 0, 2, True, 1425246845.389588)
(44.21958333333333, -76.48583333333333, 0, 107.24733499682247, 230, 0, 2, True, 1425246845.491553)
(44.21957166666667, -76.48585166666666, 0, 106.92476229530996, 230, 0, 2, True, 1425246845.593703)
(44.21957166666667, -76.48585166666666, 0, 106.92476229530996, 230, 0, 2, True, 1425246845.697409)
(44.21957166666667, -76.48585166666666, 0, 106.92476229530996, 230, 0, 2, True, 1425246845.80119)
(44.21957166666667, -76.48585166666666, 0, 106.92476229530996, 230, 0, 2, True, 1425246845.903399)
(44.21957166666667, -76.48585166666666, 0, 106.92476229530996, 230, 0, 2, True, 1425246846.0053)
(44.21957166666667, -76.48585166666666, 0, 106.92476229530996, 230, 0, 2, True, 1425246846.107213)
(44.21957166666667, -76.48585166666666, 0, 106.92476229530996, 230, 0, 2, True, 1425246846.220148)
(44.21957166666667, -76.48585166666666, 0, 106.92476229530996, 230, 0, 2, True, 1425246846.321978)
(44.21957166666667, -76.48585166666666, 0, 106.92476229530996, 230, 0, 2, True, 1425246846.424444)
(44.21957166666667, -76.48585166666666, 0, 106.92476229530996, 230, 0, 2, True, 1425246846.526425)
(44.219568333333335, -76.48585333333334, 0, 106.84890447753253, 230, 0, 2, True, 1425246846.628399)
(44.219568333333335, -76.48585333333334, 0, 106.84890447753253, 230, 0, 2, True, 1425246846.732288)
(44.219568333333335, -76.48585333333334, 0, 106.84890447753253, 230, 0, 2, True, 1425246846.8346)
(44.219568333333335, -76.48585333333334, 0, 106.84890447753253, 230, 0, 2, True, 1425246846.936597)
(44.219568333333335, -76.48585333333334, 0, 106.84890447753253, 230, 0, 2, True, 1425246847.040829)
(44.219568333333335, -76.48585333333334, 0, 106.84890447753253, 230, 0, 2, True, 1425246847.143429)
(44.219568333333335, -76.48585333333334, 0, 106.84890447753253, 230, 0, 2, True, 1425246847.258787)
(44.219568333333335, -76.48585333333334, 0, 106.84890447753253, 230, 0, 2, True, 1425246847.36066)
(44.219568333333335, -76.48585333333334, 0, 106.84890447753253, 230, 0, 2, True, 1425246847.463261)
(44.219568333333335, -76.48585333333334, 0, 106.84890447753253, 230, 0, 2, True, 1425246847.565361)
(44.219568333333335, -76.48585333333334, 0, 106.84890447753253, 230, 0, 2, True, 1425246847.667661)
(44.219568333333335, -76.48585333333334, 0, 106.84890447753253, 230, 0, 2, True, 1425246847.771319)
(44.219568333333335, -76.48585333333334, 0, 106.84890447753253, 230, 0, 2, True, 1425246847.875976)
(44.219568333333335, -76.48585333333334, 0, 106.84890447753253, 230, 0, 2, True, 1425246847.977843)
(44.219568333333335, -76.48585333333334, 0, 106.84890447753253, 230, 0, 2, True, 1425246848.081455)
(44.219568333333335, -76.48585333333334, 0, 106.84890447753253, 230, 0, 2, True, 1425246848.184251)
(44.219568333333335, -76.48585333333334, 0, 106.84890447753253, 230, 0, 2, True, 1425246848.294508)
(44.219568333333335, -76.48585333333334, 0, 106.84890447753253, 230, 0, 2, True, 1425246848.400472)
(44.219568333333335, -76.48585333333334, 0, 106.84890447753253, 230, 0, 2, True, 1425246848.502708)
(44.21956, -76.48585666666666, 0, 106.66297749713772, 230, 0, 2, True, 1425246848.604625)
(44.21956, -76.48585666666666, 0, 106.66297749713772, 230, 0, 2, True, 1425246848.706565)
(44.21956, -76.48585666666666, 0, 106.66297749713772, 230, 0, 2, True, 1425246848.813881)
(44.21956, -76.48585666666666, 0, 106.66297749713772, 230, 0, 2, True, 1425246848.915744)
(44.21956, -76.48585666666666, 0, 106.66297749713772, 230, 0, 2, True, 1425246849.022827)
(44.21956, -76.48585666666666, 0, 106.66297749713772, 230, 0, 2, True, 1425246849.124659)
(44.21956, -76.48585666666666, 0, 106.66297749713772, 230, 0, 2, True, 1425246849.226736)
(44.21956, -76.48585666666666, 0, 106.66297749713772, 230, 0, 2, True, 1425246849.338588)
(44.21956, -76.48585666666666, 0, 106.66297749713772, 230, 0, 2, True, 1425246849.444817)
(44.21956, -76.48585833333334, 0, 106.65563305360087, 230, 0, 2, True, 1425246849.546912)
(44.21956, -76.48585833333334, 0, 106.65563305360087, 230, 0, 2, True, 1425246849.649254)
(44.21956, -76.48585833333334, 0, 106.65563305360087, 230, 0, 2, True, 1425246849.751846)
(44.21956, -76.48585833333334, 0, 106.65563305360087, 230, 0, 2, True, 1425246849.856013)
(44.21956, -76.48585833333334, 0, 106.65563305360087, 230, 0, 2, True, 1425246849.959083)
(44.21956, -76.48585833333334, 0, 106.65563305360087, 230, 0, 2, True, 1425246850.061399)
(44.21956, -76.48585833333334, 0, 106.65563305360087, 230, 0, 2, True, 1425246850.16681)
(44.21956, -76.48585833333334, 0, 106.65563305360087, 230, 0, 2, True, 1425246850.268798)
(44.21956, -76.48585833333334, 0, 106.65563305360087, 230, 0, 2, True, 1425246850.379286)
(44.21956, -76.48585833333334, 0, 106.65563305360087, 230, 0, 2, True, 1425246850.481492)
(44.21956, -76.48585833333334, 0, 106.65563305360087, 230, 0, 2, True, 1425246850.585711)
(44.21956, -76.48585833333334, 0, 106.65563305360087, 230, 0, 2, True, 1425246850.688305)
(44.21956, -76.48585833333334, 0, 106.65563305360087, 230, 0, 2, True, 1425246850.790339)
(44.21956, -76.48585833333334, 0, 106.65563305360087, 230, 0, 2, True, 1425246850.894097)
(44.21956, -76.48585833333334, 0, 106.65563305360087, 230, 0, 2, True, 1425246850.999312)
(44.21956, -76.48585833333334, 0, 106.65563305360087, 230, 0, 2, True, 1425246851.101181)
(44.21956, -76.48585833333334, 0, 106.65563305360087, 230, 0, 2, True, 1425246851.20763)
(44.21956, -76.48585833333334, 0, 106.65563305360087, 230, 0, 2, True, 1425246851.309638)
(44.21956, -76.48585833333334, 0, 106.65563305360087, 230, 0, 2, True, 1425246851.420325)
(44.21956, -76.48585833333334, 0, 106.65563305360087, 230, 0, 2, True, 1425246851.522341)
(44.21956, -76.48585833333334, 0, 106.65563305360087, 230, 0, 2, True, 1425246851.627621)
(44.21955833333333, -76.48586, 0, 106.61406758718022, 230, 0, 2, True, 1425246851.729567)
(44.21955833333333, -76.48586, 0, 106.61406758718022, 230, 0, 2, True, 1425246851.831441)
(44.21955833333333, -76.48586, 0, 106.61406758718022, 230, 0, 2, True, 1425246851.935326)
(44.21955833333333, -76.48586, 0, 106.61406758718022, 230, 0, 2, True, 1425246852.0375)
(44.21955833333333, -76.48586, 0, 106.61406758718022, 230, 0, 2, True, 1425246852.139683)
(44.21955833333333, -76.48586, 0, 106.61406758718022, 230, 0, 2, True, 1425246852.24155)
(44.21955833333333, -76.48586, 0, 106.61406758718022, 230, 0, 2, True, 1425246852.34339)
(44.21955833333333, -76.48586, 0, 106.61406758718022, 230, 0, 2, True, 1425246852.457885)
(44.21955833333333, -76.48586, 0, 106.61406758718022, 230, 0, 2, True, 1425246852.559894)
(44.21955833333333, -76.48586, 0, 106.61406758718022, 230, 0, 2, True, 1425246852.66199)
(44.21955166666667, -76.48586333333333, 0, 106.46251265224078, 230, 0, 2, True, 1425246852.766883)
(44.21955166666667, -76.48586333333333, 0, 106.46251265224078, 230, 0, 2, True, 1425246852.869602)
(44.21955166666667, -76.48586333333333, 0, 106.46251265224078, 230, 0, 2, True, 1425246852.973287)
(44.21955166666667, -76.48586333333333, 0, 106.46251265224078, 230, 0, 2, True, 1425246853.075477)
(44.21955166666667, -76.48586333333333, 0, 106.46251265224078, 230, 0, 2, True, 1425246853.180748)
(44.21955166666667, -76.48586333333333, 0, 106.46251265224078, 230, 0, 2, True, 1425246853.282958)
(44.21955166666667, -76.48586333333333, 0, 106.46251265224078, 230, 0, 2, True, 1425246853.387445)
(44.21955166666667, -76.48586333333333, 0, 106.46251265224078, 230, 0, 2, True, 1425246853.498096)
(44.21955166666667, -76.48586333333333, 0, 106.46251265224078, 230, 0, 2, True, 1425246853.600187)
(44.21955166666667, -76.48586333333333, 0, 106.46251265224078, 230, 0, 2, True, 1425246853.704762)
(44.21955166666667, -76.48586333333333, 0, 106.46251265224078, 230, 0, 2, True, 1425246853.807109)
(44.21955166666667, -76.48586333333333, 0, 106.46251265224078, 230, 0, 2, True, 1425246853.909114)
(44.21955166666667, -76.48586333333333, 0, 106.46251265224078, 230, 0, 2, True, 1425246854.015404)
(44.21955166666667, -76.48586333333333, 0, 106.46251265224078, 230, 0, 2, True, 1425246854.117835)
(44.21955166666667, -76.48586333333333, 0, 106.46251265224078, 230, 0, 2, True, 1425246854.220143)
(44.21955166666667, -76.48586333333333, 0, 106.46251265224078, 230, 0, 2, True, 1425246854.326952)
(44.21955166666667, -76.48586333333333, 0, 106.46251265224078, 230, 0, 2, True, 1425246854.429185)
(44.21955166666667, -76.48586333333333, 0, 106.46251265224078, 230, 0, 2, True, 1425246854.54912)
(44.21955166666667, -76.48586333333333, 0, 106.46251265224078, 230, 0, 2, True, 1425246854.661523)
(44.21955166666667, -76.48586333333333, 0, 106.46251265224078, 230, 0, 2, True, 1425246854.766098)
(44.219541666666665, -76.48586833333333, 0, 106.23526628953516, 230, 0, 2, True, 1425246854.86838)
(44.219541666666665, -76.48586833333333, 0, 106.23526628953516, 230, 0, 2, True, 1425246854.970259)
(44.219541666666665, -76.48586833333333, 0, 106.23526628953516, 230, 0, 2, True, 1425246855.077636)
(44.219541666666665, -76.48586833333333, 0, 106.23526628953516, 230, 0, 2, True, 1425246855.180153)
(44.219541666666665, -76.48586833333333, 0, 106.23526628953516, 230, 0, 2, True, 1425246855.282135)
(44.219541666666665, -76.48586833333333, 0, 106.23526628953516, 230, 0, 2, True, 1425246855.386048)
(44.219541666666665, -76.48586833333333, 0, 106.23526628953516, 230, 0, 2, True, 1425246855.488069)
(44.219541666666665, -76.48586833333333, 0, 106.23526628953516, 230, 0, 2, True, 1425246855.602778)
(44.219541666666665, -76.48586833333333, 0, 106.23526628953516, 230, 0, 2, True, 1425246855.704816)
(44.21953333333333, -76.48587333333333, 0, 106.04244149671365, 230, 0, 2, True, 1425246855.813175)
(44.21953333333333, -76.48587333333333, 0, 106.04244149671365, 230, 0, 2, True, 1425246855.915511)
(44.21953333333333, -76.48587333333333, 0, 106.04244149671365, 230, 0, 2, True, 1425246856.017929)
(44.21953333333333, -76.48587333333333, 0, 106.04244149671365, 230, 0, 2, True, 1425246856.121817)
(44.21953333333333, -76.48587333333333, 0, 106.04244149671365, 230, 0, 2, True, 1425246856.224097)
(44.21953333333333, -76.48587333333333, 0, 106.04244149671365, 230, 0, 2, True, 1425246856.326159)
(44.21953333333333, -76.48587333333333, 0, 106.04244149671365, 230, 0, 2, True, 1425246856.429273)
(44.21953333333333, -76.48587333333333, 0, 106.04244149671365, 230, 0, 2, True, 1425246856.531644)
(44.21953333333333, -76.48587333333333, 0, 106.04244149671365, 230, 0, 2, True, 1425246856.642874)
(44.21953333333333, -76.48587333333333, 0, 106.04244149671365, 230, 0, 2, True, 1425246856.749618)
(44.21953333333333, -76.48587333333333, 0, 106.04244149671365, 230, 0, 2, True, 1425246856.852017)
(44.21953333333333, -76.48587333333333, 0, 106.04244149671365, 230, 0, 2, True, 1425246856.954157)
(44.21953333333333, -76.48587333333333, 0, 106.04244149671365, 230, 0, 2, True, 1425246857.056304)
(44.21953333333333, -76.48587333333333, 0, 106.04244149671365, 230, 0, 2, True, 1425246857.162754)
(44.21953333333333, -76.48587333333333, 0, 106.04244149671365, 230, 0, 2, True, 1425246857.264747)
(44.21953333333333, -76.48587333333333, 0, 106.04244149671365, 230, 0, 2, True, 1425246857.367057)
(44.21953333333333, -76.48587333333333, 0, 106.04244149671365, 230, 0, 2, True, 1425246857.469569)
(44.21951833333333, -76.48588666666667, 0, 105.67781094797391, 230, 0, 2, True, 1425246857.571753)
(44.21951833333333, -76.48588666666667, 0, 105.67781094797391, 230, 0, 2, True, 1425246857.68814)
(44.21951833333333, -76.48588666666667, 0, 105.67781094797391, 230, 0, 2, True, 1425246857.790373)
(44.21951833333333, -76.48588666666667, 0, 105.67781094797391, 230, 0, 2, True, 1425246857.892762)
(44.21951833333333, -76.48588666666667, 0, 105.67781094797391, 230, 0, 2, True, 1425246857.99594)
(44.21951833333333, -76.48588666666667, 0, 105.67781094797391, 230, 0, 2, True, 1425246858.099559)
(44.21951833333333, -76.48588666666667, 0, 105.67781094797391, 230, 0, 2, True, 1425246858.203472)
(44.21951833333333, -76.48588666666667, 0, 105.67781094797391, 230, 0, 2, True, 1425246858.305608)
(44.21951833333333, -76.48588666666667, 0, 105.67781094797391, 230, 0, 2, True, 1425246858.409912)
(44.21951833333333, -76.48588666666667, 0, 105.67781094797391, 230, 0, 2, True, 1425246858.512386)
(44.21951833333333, -76.48588666666667, 0, 105.67781094797391, 230, 0, 2, True, 1425246858.614405)
(44.21951833333333, -76.48588666666667, 0, 105.67781094797391, 230, 0, 2, True, 1425246858.73003)
(44.21951333333333, -76.48589666666666, 0, 105.53379385711241, 230, 0, 2, True, 1425246858.832161)
(44.21951333333333, -76.48589666666666, 0, 105.53379385711241, 230, 0, 2, True, 1425246858.938639)
(44.21951333333333, -76.48589666666666, 0, 105.53379385711241, 230, 0, 2, True, 1425246859.040817)
(44.21951333333333, -76.48589666666666, 0, 105.53379385711241, 230, 0, 2, True, 1425246859.148202)
(44.21951333333333, -76.48589666666666, 0, 105.53379385711241, 230, 0, 2, True, 1425246859.252064)
(44.21951333333333, -76.48589666666666, 0, 105.53379385711241, 230, 0, 2, True, 1425246859.363194)
(44.21951333333333, -76.48589666666666, 0, 105.53379385711241, 230, 0, 2, True, 1425246859.4658)
(44.21951333333333, -76.48589666666666, 0, 105.53379385711241, 230, 0, 2, True, 1425246859.568097)
(44.21951333333333, -76.48589666666666, 0, 105.53379385711241, 230, 0, 2, True, 1425246859.670782)
(44.21951333333333, -76.48589666666666, 0, 105.53379385711241, 230, 0, 2, True, 1425246859.787099)
(44.21951333333333, -76.48589666666666, 0, 105.53379385711241, 230, 0, 2, True, 1425246859.88971)
(44.21951333333333, -76.48589666666666, 0, 105.53379385711241, 230, 0, 2, True, 1425246859.991758)
(44.21951333333333, -76.48589666666666, 0, 105.53379385711241, 230, 0, 2, True, 1425246860.094319)
(44.21951333333333, -76.48589666666666, 0, 105.53379385711241, 230, 0, 2, True, 1425246860.196821)
(44.21951333333333, -76.48589666666666, 0, 105.53379385711241, 230, 0, 2, True, 1425246860.300622)
(44.21951333333333, -76.48589666666666, 0, 105.53379385711241, 230, 0, 2, True, 1425246860.402953)
(44.21951333333333, -76.48589666666666, 0, 105.53379385711241, 230, 0, 2, True, 1425246860.509359)
(44.219505, -76.48591, 0, 105.30849884123728, 230, 0, 2, True, 1425246860.611461)
(44.219505, -76.48591, 0, 105.30849884123728, 230, 0, 2, True, 1425246860.714152)
(44.219505, -76.48591, 0, 105.30849884123728, 230, 0, 2, True, 1425246860.829605)
(44.219505, -76.48591, 0, 105.30849884123728, 230, 0, 2, True, 1425246860.932065)
(44.219505, -76.48591, 0, 105.30849884123728, 230, 0, 2, True, 1425246861.034246)
(44.219505, -76.48591, 0, 105.30849884123728, 230, 0, 2, True, 1425246861.137464)
(44.219505, -76.48591, 0, 105.30849884123728, 230, 0, 2, True, 1425246861.2394)
(44.219505, -76.48591, 0, 105.30849884123728, 230, 0, 2, True, 1425246861.343607)
(44.219505, -76.48591, 0, 105.30849884123728, 230, 0, 2, True, 1425246861.450533)
(44.219505, -76.48591, 0, 105.30849884123728, 230, 0, 2, True, 1425246861.552344)
(44.219503333333336, -76.48591666666667, 0, 105.24754472873667, 230, 0, 2, True, 1425246861.654438)
(44.219503333333336, -76.48591666666667, 0, 105.24754472873667, 230, 0, 2, True, 1425246861.757477)
(44.219503333333336, -76.48591666666667, 0, 105.24754472873667, 230, 0, 2, True, 1425246861.868212)
(44.219503333333336, -76.48591666666667, 0, 105.24754472873667, 230, 0, 2, True, 1425246861.970084)
(44.219503333333336, -76.48591666666667, 0, 105.24754472873667, 230, 0, 2, True, 1425246862.075666)
(44.219503333333336, -76.48591666666667, 0, 105.24754472873667, 230, 0, 2, True, 1425246862.177558)
(44.219503333333336, -76.48591666666667, 0, 105.24754472873667, 230, 0, 2, True, 1425246862.281812)
(44.219503333333336, -76.48591666666667, 0, 105.24754472873667, 230, 0, 2, True, 1425246862.386009)
(44.219503333333336, -76.48591666666667, 0, 105.24754472873667, 230, 0, 2, True, 1425246862.488064)
(44.219503333333336, -76.48591666666667, 0, 105.24754472873667, 230, 0, 2, True, 1425246862.592716)
(44.219503333333336, -76.48591666666667, 0, 105.24754472873667, 230, 0, 2, True, 1425246862.694784)
(44.219503333333336, -76.48591666666667, 0, 105.24754472873667, 230, 0, 2, True, 1425246862.797352)
(44.219503333333336, -76.48591666666667, 0, 105.24754472873667, 230, 0, 2, True, 1425246862.913493)
(44.219503333333336, -76.48591666666667, 0, 105.24754472873667, 230, 0, 2, True, 1425246863.015718)
(44.219503333333336, -76.48591666666667, 0, 105.24754472873667, 230, 0, 2, True, 1425246863.117801)
(44.219503333333336, -76.48591666666667, 0, 105.24754472873667, 230, 0, 2, True, 1425246863.221103)
(44.219503333333336, -76.48591666666667, 0, 105.24754472873667, 230, 0, 2, True, 1425246863.323164)
(44.219503333333336, -76.48591666666667, 0, 105.24754472873667, 230, 0, 2, True, 1425246863.426863)
(44.219503333333336, -76.48591666666667, 0, 105.24754472873667, 230, 0, 2, True, 1425246863.531936)
(44.219503333333336, -76.48591666666667, 0, 105.24754472873667, 230, 0, 2, True, 1425246863.633929)
(44.219495, -76.48592, 0, 105.06339819292191, 230, 0, 2, True, 1425246863.735813)
(44.219495, -76.48592, 0, 105.06339819292191, 230, 0, 2, True, 1425246863.837761)
(44.219495, -76.48592, 0, 105.06339819292191, 230, 0, 2, True, 1425246863.951832)
(44.219495, -76.48592, 0, 105.06339819292191, 230, 0, 2, True, 1425246864.053976)
(44.219495, -76.48592, 0, 105.06339819292191, 230, 0, 2, True, 1425246864.158006)
(44.219495, -76.48592, 0, 105.06339819292191, 230, 0, 2, True, 1425246864.260254)
(44.219495, -76.48592, 0, 105.06339819292191, 230, 0, 2, True, 1425246864.362202)
(44.219495, -76.48592, 0, 105.06339819292191, 230, 0, 2, True, 1425246864.466052)
(44.219495, -76.48592, 0, 105.06339819292191, 230, 0, 2, True, 1425246864.570917)
(44.219495, -76.48592, 0, 105.06339819292191, 230, 0, 2, True, 1425246864.677659)
(44.21948833333333, -76.48592333333333, 0, 104.91348215868175, 230, 0, 2, True, 1425246864.792207)
(44.21948833333333, -76.48592333333333, 0, 104.91348215868175, 230, 0, 2, True, 1425246864.894675)
(44.21948833333333, -76.48592333333333, 0, 104.91348215868175, 230, 0, 2, True, 1425246865.002555)
(44.21948833333333, -76.48592333333333, 0, 104.91348215868175, 230, 0, 2, True, 1425246865.104682)
(44.21948833333333, -76.48592333333333, 0, 104.91348215868175, 230, 0, 2, True, 1425246865.209774)
(44.21948833333333, -76.48592333333333, 0, 104.91348215868175, 230, 0, 2, True, 1425246865.317835)
(44.21948833333333, -76.48592333333333, 0, 104.91348215868175, 230, 0, 2, True, 1425246865.419942)
(44.21948833333333, -76.48592333333333, 0, 104.91348215868175, 230, 0, 2, True, 1425246865.522941)
(44.21948833333333, -76.48592333333333, 0, 104.91348215868175, 230, 0, 2, True, 1425246865.624947)
(44.21948833333333, -76.48592333333333, 0, 104.91348215868175, 230, 0, 2, True, 1425246865.727883)
(44.21948833333333, -76.48592333333333, 0, 104.91348215868175, 230, 0, 2, True, 1425246865.829886)
(44.21948833333333, -76.48592333333333, 0, 104.91348215868175, 230, 0, 2, True, 1425246865.932229)
(44.21948833333333, -76.48592333333333, 0, 104.91348215868175, 230, 0, 2, True, 1425246866.038929)
(44.21948833333333, -76.48592333333333, 0, 104.91348215868175, 230, 0, 2, True, 1425246866.141361)
(44.21948833333333, -76.48592333333333, 0, 104.91348215868175, 230, 0, 2, True, 1425246866.243703)
(44.21948833333333, -76.48592333333333, 0, 104.91348215868175, 230, 0, 2, True, 1425246866.345788)
(44.21948833333333, -76.48592333333333, 0, 104.91348215868175, 230, 0, 2, True, 1425246866.45066)
(44.219475, -76.48593166666667, 0, 104.6074534842054, 230, 0, 2, True, 1425246866.55332)
(44.219475, -76.48593166666667, 0, 104.6074534842054, 230, 0, 2, True, 1425246866.655663)
(44.219475, -76.48593166666667, 0, 104.6074534842054, 230, 0, 2, True, 1425246866.75753)
(44.219475, -76.48593166666667, 0, 104.6074534842054, 230, 0, 2, True, 1425246866.859721)
(44.219475, -76.48593166666667, 0, 104.6074534842054, 230, 0, 2, True, 1425246866.961768)
(44.219475, -76.48593166666667, 0, 104.6074534842054, 230, 0, 2, True, 1425246867.072049)
(44.219475, -76.48593166666667, 0, 104.6074534842054, 230, 0, 2, True, 1425246867.174446)
(44.219475, -76.48593166666667, 0, 104.6074534842054, 230, 0, 2, True, 1425246867.276509)
(44.219475, -76.48593166666667, 0, 104.6074534842054, 230, 0, 2, True, 1425246867.378585)
(44.219475, -76.48593166666667, 0, 104.6074534842054, 230, 0, 2, True, 1425246867.480991)
(44.219476666666665, -76.48592666666667, 0, 104.66091796349207, 230, 0, 2, True, 1425246867.583749)
(44.219476666666665, -76.48592666666667, 0, 104.66091796349207, 230, 0, 2, True, 1425246867.691269)
(44.219476666666665, -76.48592666666667, 0, 104.66091796349207, 230, 0, 2, True, 1425246867.794601)
(44.219476666666665, -76.48592666666667, 0, 104.66091796349207, 230, 0, 2, True, 1425246867.899357)
(44.219476666666665, -76.48592666666667, 0, 104.66091796349207, 230, 0, 2, True, 1425246868.001734)
(44.219476666666665, -76.48592666666667, 0, 104.66091796349207, 230, 0, 2, True, 1425246868.107681)
(44.219476666666665, -76.48592666666667, 0, 104.66091796349207, 230, 0, 2, True, 1425246868.209592)
(44.219476666666665, -76.48592666666667, 0, 104.66091796349207, 230, 0, 2, True, 1425246868.312365)
(44.219476666666665, -76.48592666666667, 0, 104.66091796349207, 230, 0, 2, True, 1425246868.414666)
(44.219476666666665, -76.48592666666667, 0, 104.66091796349207, 230, 0, 2, True, 1425246868.520862)
(44.219476666666665, -76.48592666666667, 0, 104.66091796349207, 230, 0, 2, True, 1425246868.623847)
(44.219476666666665, -76.48592666666667, 0, 104.66091796349207, 230, 0, 2, True, 1425246868.725879)
(44.219476666666665, -76.48592666666667, 0, 104.66091796349207, 230, 0, 2, True, 1425246868.829656)
(44.219476666666665, -76.48592666666667, 0, 104.66091796349207, 230, 0, 2, True, 1425246868.931738)
(44.219476666666665, -76.48592666666667, 0, 104.66091796349207, 230, 0, 2, True, 1425246869.035925)
(44.219476666666665, -76.48592666666667, 0, 104.66091796349207, 230, 0, 2, True, 1425246869.146989)
(44.219476666666665, -76.48592666666667, 0, 104.66091796349207, 230, 0, 2, True, 1425246869.249346)
(44.219476666666665, -76.48592666666667, 0, 104.66091796349207, 230, 0, 2, True, 1425246869.351296)
(44.219476666666665, -76.48592666666667, 0, 104.66091796349207, 230, 0, 2, True, 1425246869.453693)
(44.219476666666665, -76.48592666666667, 0, 104.66091796349207, 230, 0, 2, True, 1425246869.555885)
(44.21947, -76.48592833333333, 0, 104.5174499601913, 230, 0, 2, True, 1425246869.659389)
(44.21947, -76.48592833333333, 0, 104.5174499601913, 230, 0, 2, True, 1425246869.761635)
(44.21947, -76.48592833333333, 0, 104.5174499601913, 230, 0, 2, True, 1425246869.864457)
(44.21947, -76.48592833333333, 0, 104.5174499601913, 230, 0, 2, True, 1425246869.966332)
(44.21947, -76.48592833333333, 0, 104.5174499601913, 230, 0, 2, True, 1425246870.06852)
(44.21947, -76.48592833333333, 0, 104.5174499601913, 230, 0, 2, True, 1425246870.17938)
(44.21947, -76.48592833333333, 0, 104.5174499601913, 230, 0, 2, False, 1425246870.281765)
(44.21947, -76.48592833333333, 0, 104.5174499601913, 230, 0, 2, False, 1425246870.385387)
(44.21947, -76.48592833333333, 0, 104.5174499601913, 230, 0, 2, False, 1425246870.487366)
(44.21946833333333, -76.48592333333333, 0, 104.50223491247118, 230, 0, 2, False, 1425246870.593365)
(44.21946833333333, -76.48592333333333, 0, 104.50223491247118, 230, 0, 2, False, 1425246870.702896)
(44.21946833333333, -76.48592333333333, 0, 104.50223491247118, 230, 0, 2, False, 1425246870.806347)
(44.21946833333333, -76.48592333333333, 0, 104.50223491247118, 230, 0, 2, False, 1425246870.908529)
(44.21946833333333, -76.48592333333333, 0, 104.50223491247118, 230, 0, 2, False, 1425246871.010713)
(44.21946833333333, -76.48592333333333, 0, 104.50223491247118, 230, 0, 2, False, 1425246871.112761)
(44.21946833333333, -76.48592333333333, 0, 104.50223491247118, 230, 0, 2, False, 1425246871.21993)
(44.21946833333333, -76.48592333333333, 0, 104.50223491247118, 230, 0, 2, False, 1425246871.322448)
(44.21946833333333, -76.48592333333333, 0, 104.50223491247118, 230, 0, 2, False, 1425246871.424593)
(44.21946833333333, -76.48592333333333, 0, 104.50223491247118, 230, 0, 2, False, 1425246871.528166)
(44.21946833333333, -76.48592333333333, 0, 104.50223491247118, 230, 0, 2, False, 1425246871.629994)
(44.21946833333333, -76.48592333333333, 0, 104.50223491247118, 230, 0, 2, False, 1425246871.732354)
(44.21946833333333, -76.48592333333333, 0, 104.50223491247118, 230, 0, 2, False, 1425246871.838522)
(44.21946833333333, -76.48592333333333, 0, 104.50223491247118, 230, 0, 2, False, 1425246871.940411)
(44.21946833333333, -76.48592333333333, 0, 104.50223491247118, 230, 0, 2, False, 1425246872.042201)
(44.21946833333333, -76.48592333333333, 0, 104.50223491247118, 230, 0, 2, False, 1425246872.14756)
(44.21946833333333, -76.48592333333333, 0, 104.50223491247118, 230, 0, 2, False, 1425246872.25445)
(44.21946833333333, -76.48592333333333, 0, 104.50223491247118, 230, 0, 2, True, 1425246872.356492)
(44.21946833333333, -76.48592333333333, 0, 104.50223491247118, 230, 0, 2, True, 1425246872.458548)
(44.21946833333333, -76.48592333333333, 0, 104.50223491247118, 230, 0, 2, True, 1425246872.562027)
(44.21946833333333, -76.48592333333333, 0, 104.50223491247118, 230, 0, 2, True, 1425246872.664104)
(44.219456666666666, -76.48592833333333, 0, 104.24284694633508, 230, 0, 2, True, 1425246872.767071)
(44.219456666666666, -76.48592833333333, 0, 104.24284694633508, 230, 0, 2, True, 1425246872.869301)
(44.219456666666666, -76.48592833333333, 0, 104.24284694633508, 230, 0, 2, True, 1425246872.974314)
(44.219456666666666, -76.48592833333333, 0, 104.24284694633508, 230, 0, 2, True, 1425246873.076682)
(44.219456666666666, -76.48592833333333, 0, 104.24284694633508, 230, 0, 2, True, 1425246873.181418)
(44.219456666666666, -76.48592833333333, 0, 104.24284694633508, 230, 0, 2, True, 1425246873.292005)
(44.219456666666666, -76.48592833333333, 0, 104.24284694633508, 230, 0, 2, True, 1425246873.394062)
(44.219456666666666, -76.48592833333333, 0, 104.24284694633508, 230, 0, 2, True, 1425246873.498216)
(44.219456666666666, -76.48592833333333, 0, 104.24284694633508, 230, 0, 2, True, 1425246873.600582)
(44.21945, -76.48593666666666, 0, 104.07437126023291, 230, 0, 2, True, 1425246873.706789)
(44.21945, -76.48593666666666, 0, 104.07437126023291, 230, 0, 2, True, 1425246873.814219)
(44.21945, -76.48593666666666, 0, 104.07437126023291, 230, 0, 2, True, 1425246873.91641)
(44.21945, -76.48593666666666, 0, 104.07437126023291, 230, 0, 2, True, 1425246874.01929)
(44.21945, -76.48593666666666, 0, 104.07437126023291, 230, 0, 2, True, 1425246874.121849)
(44.21945, -76.48593666666666, 0, 104.07437126023291, 230, 0, 2, True, 1425246874.223951)
(44.21945, -76.48593666666666, 0, 104.07437126023291, 230, 0, 2, True, 1425246874.332952)
(44.21945, -76.48593666666666, 0, 104.07437126023291, 230, 0, 2, True, 1425246874.435238)
(44.21945, -76.48593666666666, 0, 104.07437126023291, 230, 0, 2, True, 1425246874.537626)
(44.21945, -76.48593666666666, 0, 104.07437126023291, 230, 0, 2, True, 1425246874.640049)
(44.21945, -76.48593666666666, 0, 104.07437126023291, 230, 0, 2, True, 1425246874.749272)
(44.21945, -76.48593666666666, 0, 104.07437126023291, 230, 0, 2, True, 1425246874.852051)
(44.21945, -76.48593666666666, 0, 104.07437126023291, 230, 0, 2, True, 1425246874.954267)
(44.21945, -76.48593666666666, 0, 104.07437126023291, 230, 0, 2, True, 1425246875.056792)
(44.21945, -76.48593666666666, 0, 104.07437126023291, 230, 0, 2, True, 1425246875.162742)
(44.21945, -76.48593666666666, 0, 104.07437126023291, 230, 0, 2, True, 1425246875.26487)
(44.21945, -76.48593666666666, 0, 104.07437126023291, 230, 0, 2, True, 1425246875.374817)
(44.21945, -76.48593666666666, 0, 104.07437126023291, 230, 0, 2, True, 1425246875.476983)
(44.21944333333333, -76.48595, 0, 103.88817063188884, 230, 0, 2, True, 1425246875.578938)
(44.21944333333333, -76.48595, 0, 103.88817063188884, 230, 0, 2, True, 1425246875.686881)
(44.21944333333333, -76.48595, 0, 103.88817063188884, 230, 0, 2, True, 1425246875.788723)
(44.21944333333333, -76.48595, 0, 103.88817063188884, 230, 0, 2, True, 1425246875.891675)
(44.21944333333333, -76.48595, 0, 103.88817063188884, 230, 0, 2, True, 1425246875.993487)
(44.21944333333333, -76.48595, 0, 103.88817063188884, 230, 0, 2, True, 1425246876.095462)
(44.21944333333333, -76.48595, 0, 103.88817063188884, 230, 0, 2, True, 1425246876.197678)
(44.21944333333333, -76.48595, 0, 103.88817063188884, 230, 0, 2, True, 1425246876.299742)
(44.21944333333333, -76.48595, 0, 103.88817063188884, 230, 0, 2, True, 1425246876.409149)
(44.21944333333333, -76.48595, 0, 103.88817063188884, 230, 0, 2, True, 1425246876.512572)
(44.219438333333336, -76.48595666666667, 0, 103.76122536913533, 230, 0, 2, True, 1425246876.614828)
(44.219438333333336, -76.48595666666667, 0, 103.76122536913533, 230, 0, 2, True, 1425246876.718295)
(44.219438333333336, -76.48595666666667, 0, 103.76122536913533, 230, 0, 2, True, 1425246876.820787)
(44.219438333333336, -76.48595666666667, 0, 103.76122536913533, 230, 0, 2, True, 1425246876.923588)
(44.219438333333336, -76.48595666666667, 0, 103.76122536913533, 230, 0, 2, True, 1425246877.030589)
(44.219438333333336, -76.48595666666667, 0, 103.76122536913533, 230, 0, 2, True, 1425246877.134792)
(44.219438333333336, -76.48595666666667, 0, 103.76122536913533, 230, 0, 2, True, 1425246877.237066)
(44.219438333333336, -76.48595666666667, 0, 103.76122536913533, 230, 0, 2, True, 1425246877.339157)
(44.219438333333336, -76.48595666666667, 0, 103.76122536913533, 230, 0, 2, True, 1425246877.449915)
(44.219438333333336, -76.48595666666667, 0, 103.76122536913533, 230, 0, 2, True, 1425246877.552118)
(44.219438333333336, -76.48595666666667, 0, 103.76122536913533, 230, 0, 2, True, 1425246877.654186)
(44.219438333333336, -76.48595666666667, 0, 103.76122536913533, 230, 0, 2, True, 1425246877.756329)
(44.219438333333336, -76.48595666666667, 0, 103.76122536913533, 230, 0, 2, True, 1425246877.860633)
(44.219438333333336, -76.48595666666667, 0, 103.76122536913533, 230, 0, 2, True, 1425246877.963199)
(44.219438333333336, -76.48595666666667, 0, 103.76122536913533, 230, 0, 2, True, 1425246878.067888)
(44.219438333333336, -76.48595666666667, 0, 103.76122536913533, 230, 0, 2, True, 1425246878.169947)
(44.219438333333336, -76.48595666666667, 0, 103.76122536913533, 230, 0, 2, True, 1425246878.272125)
(44.219438333333336, -76.48595666666667, 0, 103.76122536913533, 230, 0, 2, True, 1425246878.376409)
(44.219438333333336, -76.48595666666667, 0, 103.76122536913533, 230, 0, 2, True, 1425246878.482078)
(44.219438333333336, -76.48595666666667, 0, 103.76122536913533, 230, 0, 2, True, 1425246878.587)
(44.219438333333336, -76.48595666666667, 0, 103.76122536913533, 230, 0, 2, True, 1425246878.688853)
(44.21943, -76.485975, 0, 103.52481008800589, 230, 0, 2, True, 1425246878.791154)
(44.21943, -76.485975, 0, 103.52481008800589, 230, 0, 2, True, 1425246878.895482)
(44.21943, -76.485975, 0, 103.52481008800589, 230, 0, 2, True, 1425246878.997917)
(44.21943, -76.485975, 0, 103.52481008800589, 230, 0, 2, True, 1425246879.100123)
(44.21943, -76.485975, 0, 103.52481008800589, 230, 0, 2, True, 1425246879.206774)
(44.21943, -76.485975, 0, 103.52481008800589, 230, 0, 2, True, 1425246879.309035)
(44.21943, -76.485975, 0, 103.52481008800589, 230, 0, 2, True, 1425246879.411134)
(44.21943, -76.485975, 0, 103.52481008800589, 230, 0, 2, True, 1425246879.520937)
(44.21943, -76.485975, 0, 103.52481008800589, 230, 0, 2, True, 1425246879.623482)
(44.21943, -76.485975, 0, 103.52481008800589, 230, 0, 2, True, 1425246879.726217)
(44.21942666666666, -76.48597666666667, 0, 103.4506463457949, 230, 0, 2, True, 1425246879.830624)
(44.21942666666666, -76.48597666666667, 0, 103.4506463457949, 230, 0, 2, True, 1425246879.934839)
(44.21942666666666, -76.48597666666667, 0, 103.4506463457949, 230, 0, 2, True, 1425246880.037481)
(44.21942666666666, -76.48597666666667, 0, 103.4506463457949, 230, 0, 2, True, 1425246880.139535)
(44.21942666666666, -76.48597666666667, 0, 103.4506463457949, 230, 0, 2, True, 1425246880.241475)
(44.21942666666666, -76.48597666666667, 0, 103.4506463457949, 230, 0, 2, True, 1425246880.351657)
(44.21942666666666, -76.48597666666667, 0, 103.4506463457949, 230, 0, 2, True, 1425246880.454846)
(44.21942666666666, -76.48597666666667, 0, 103.4506463457949, 230, 0, 2, True, 1425246880.565283)
(44.21942666666666, -76.48597666666667, 0, 103.4506463457949, 230, 0, 2, True, 1425246880.667202)
(44.21942666666666, -76.48597666666667, 0, 103.4506463457949, 230, 0, 2, True, 1425246880.770468)
(44.21942666666666, -76.48597666666667, 0, 103.4506463457949, 230, 0, 2, True, 1425246880.872346)
(44.21942666666666, -76.48597666666667, 0, 103.4506463457949, 230, 0, 2, True, 1425246880.974387)
(44.21942666666666, -76.48597666666667, 0, 103.4506463457949, 230, 0, 2, True, 1425246881.077207)
(44.21942666666666, -76.48597666666667, 0, 103.4506463457949, 230, 0, 2, True, 1425246881.181145)
(44.21942666666666, -76.48597666666667, 0, 103.4506463457949, 230, 0, 2, True, 1425246881.283079)
(44.21942666666666, -76.48597666666667, 0, 103.4506463457949, 230, 0, 2, True, 1425246881.385905)
(44.21942666666666, -76.48597666666667, 0, 103.4506463457949, 230, 0, 2, True, 1425246881.488005)
(44.21942, -76.48598, 0, 103.30238230205492, 230, 0, 2, True, 1425246881.5939)
(44.21942, -76.48598, 0, 103.30238230205492, 230, 0, 2, True, 1425246881.696961)
(44.21942, -76.48598, 0, 103.30238230205492, 230, 0, 2, True, 1425246881.799986)
(44.21942, -76.48598, 0, 103.30238230205492, 230, 0, 2, True, 1425246881.901847)
(44.21942, -76.48598, 0, 103.30238230205492, 230, 0, 2, True, 1425246882.010428)
(44.21942, -76.48598, 0, 103.30238230205492, 230, 0, 2, True, 1425246882.113149)
(44.21942, -76.48598, 0, 103.30238230205492, 230, 0, 2, True, 1425246882.215411)
(44.21942, -76.48598, 0, 103.30238230205492, 230, 0, 2, True, 1425246882.317398)
(44.21942, -76.48598, 0, 103.30238230205492, 230, 0, 2, True, 1425246882.419311)
(44.21942, -76.48598, 0, 103.30238230205492, 230, 0, 2, True, 1425246882.524742)
(44.219411666666666, -76.48598, 0, 103.13145958249208, 230, 0, 2, True, 1425246882.632378)
(44.219411666666666, -76.48598, 0, 103.13145958249208, 230, 0, 2, True, 1425246882.734804)
(44.219411666666666, -76.48598, 0, 103.13145958249208, 230, 0, 2, True, 1425246882.836787)
(44.219411666666666, -76.48598, 0, 103.13145958249208, 230, 0, 2, True, 1425246882.938888)
(44.219411666666666, -76.48598, 0, 103.13145958249208, 230, 0, 2, True, 1425246883.042898)
(44.219411666666666, -76.48598, 0, 103.13145958249208, 230, 0, 2, True, 1425246883.145775)
(44.219411666666666, -76.48598, 0, 103.13145958249208, 230, 0, 2, True, 1425246883.247606)
(44.219411666666666, -76.48598, 0, 103.13145958249208, 230, 0, 2, True, 1425246883.352522)
(44.219411666666666, -76.48598, 0, 103.13145958249208, 230, 0, 2, True, 1425246883.455074)
(44.219411666666666, -76.48598, 0, 103.13145958249208, 230, 0, 2, True, 1425246883.557339)
(44.219411666666666, -76.48598, 0, 103.13145958249208, 230, 0, 2, True, 1425246883.662771)
(44.219411666666666, -76.48598, 0, 103.13145958249208, 230, 0, 2, True, 1425246883.768916)
(44.219411666666666, -76.48598, 0, 103.13145958249208, 230, 0, 2, True, 1425246883.870736)
(44.219411666666666, -76.48598, 0, 103.13145958249208, 230, 0, 2, True, 1425246883.973001)
(44.219411666666666, -76.48598, 0, 103.13145958249208, 230, 0, 2, True, 1425246884.075267)
(44.219411666666666, -76.48598, 0, 103.13145958249208, 230, 0, 2, True, 1425246884.177876)
(44.219411666666666, -76.48598, 0, 103.13145958249208, 230, 0, 2, True, 1425246884.280609)
(44.219411666666666, -76.48598, 0, 103.13145958249208, 230, 0, 2, True, 1425246884.382592)
(44.219411666666666, -76.48598, 0, 103.13145958249208, 230, 0, 2, True, 1425246884.48509)
(44.219411666666666, -76.48598, 0, 103.13145958249208, 230, 0, 2, True, 1425246884.587184)
(44.21940333333333, -76.485985, 0, 102.943367011031, 230, 0, 2, True, 1425246884.694757)
(44.21940333333333, -76.485985, 0, 102.943367011031, 230, 0, 2, True, 1425246884.798654)
(44.21940333333333, -76.485985, 0, 102.943367011031, 230, 0, 2, True, 1425246884.901055)
(44.21940333333333, -76.485985, 0, 102.943367011031, 230, 0, 2, True, 1425246885.003166)
(44.21940333333333, -76.485985, 0, 102.943367011031, 230, 0, 2, True, 1425246885.105038)
(44.21940333333333, -76.485985, 0, 102.943367011031, 230, 0, 2, True, 1425246885.207801)
(44.21940333333333, -76.485985, 0, 102.943367011031, 230, 0, 2, True, 1425246885.309701)
(44.21940333333333, -76.485985, 0, 102.943367011031, 230, 0, 2, True, 1425246885.411619)
(44.21940333333333, -76.485985, 0, 102.943367011031, 230, 0, 2, True, 1425246885.516949)
(44.2194, -76.48599, 0, 102.8581148628362, 230, 0, 2, True, 1425246885.619264)
(44.2194, -76.48599, 0, 102.8581148628362, 230, 0, 2, True, 1425246885.72863)
(44.2194, -76.48599, 0, 102.8581148628362, 230, 0, 2, True, 1425246885.831083)
(44.2194, -76.48599, 0, 102.8581148628362, 230, 0, 2, True, 1425246885.933035)
(44.2194, -76.48599, 0, 102.8581148628362, 230, 0, 2, True, 1425246886.037512)
(44.2194, -76.48599, 0, 102.8581148628362, 230, 0, 2, True, 1425246886.139543)
(44.2194, -76.48599, 0, 102.8581148628362, 230, 0, 2, True, 1425246886.244073)
(44.2194, -76.48599, 0, 102.8581148628362, 230, 0, 2, True, 1425246886.346363)
(44.2194, -76.48599, 0, 102.8581148628362, 230, 0, 2, True, 1425246886.448465)
(44.2194, -76.48599, 0, 102.8581148628362, 230, 0, 2, True, 1425246886.554287)
(44.2194, -76.48599, 0, 102.8581148628362, 230, 0, 2, True, 1425246886.65634)
(44.2194, -76.48599, 0, 102.8581148628362, 230, 0, 2, True, 1425246886.762003)
(44.2194, -76.48599, 0, 102.8581148628362, 230, 0, 2, True, 1425246886.866828)
(44.2194, -76.48599, 0, 102.8581148628362, 230, 0, 2, True, 1425246886.96886)
(44.2194, -76.48599, 0, 102.8581148628362, 230, 0, 2, True, 1425246887.071098)
(44.2194, -76.48599, 0, 102.8581148628362, 230, 0, 2, True, 1425246887.173916)
(44.2194, -76.48599, 0, 102.8581148628362, 230, 0, 2, True, 1425246887.276865)
(44.2194, -76.48599, 0, 102.8581148628362, 230, 0, 2, True, 1425246887.379234)
(44.2194, -76.48599, 0, 102.8581148628362, 230, 0, 2, True, 1425246887.481387)
(44.2194, -76.48599, 0, 102.8581148628362, 230, 0, 2, True, 1425246887.585703)
(44.2194, -76.48599, 0, 102.8581148628362, 230, 0, 2, True, 1425246887.688329)
(44.21939, -76.48599666666667, 0, 102.63079339932375, 230, 0, 2, True, 1425246887.793915)
(44.21939, -76.48599666666667, 0, 102.63079339932375, 230, 0, 2, True, 1425246887.900087)
(44.21939, -76.48599666666667, 0, 102.63079339932375, 230, 0, 2, True, 1425246888.002653)
(44.21939, -76.48599666666667, 0, 102.63079339932375, 230, 0, 2, True, 1425246888.114982)
(44.21939, -76.48599666666667, 0, 102.63079339932375, 230, 0, 2, True, 1425246888.22053)
(44.21939, -76.48599666666667, 0, 102.63079339932375, 230, 0, 2, True, 1425246888.323423)
(44.21939, -76.48599666666667, 0, 102.63079339932375, 230, 0, 2, True, 1425246888.425282)
(44.21939, -76.48599666666667, 0, 102.63079339932375, 230, 0, 2, True, 1425246888.531124)
(44.21939, -76.48599666666667, 0, 102.63079339932375, 230, 0, 2, True, 1425246888.634028)
(44.219385, -76.486, 0, 102.51728701185044, 230, 0, 2, True, 1425246888.736985)
(44.219385, -76.486, 0, 102.51728701185044, 230, 0, 2, True, 1425246888.848186)
(44.219385, -76.486, 0, 102.51728701185044, 230, 0, 2, True, 1425246888.95051)
(44.219385, -76.486, 0, 102.51728701185044, 230, 0, 2, True, 1425246889.052707)
(44.219385, -76.486, 0, 102.51728701185044, 230, 0, 2, True, 1425246889.159013)
(44.219385, -76.486, 0, 102.51728701185044, 230, 0, 2, True, 1425246889.264505)
(44.219385, -76.486, 0, 102.51728701185044, 230, 0, 2, True, 1425246889.367137)
(44.219385, -76.486, 0, 102.51728701185044, 230, 0, 2, True, 1425246889.469348)
(44.219385, -76.486, 0, 102.51728701185044, 230, 0, 2, True, 1425246889.571492)
(44.219385, -76.486, 0, 102.51728701185044, 230, 0, 2, True, 1425246889.673815)
(44.219385, -76.486, 0, 102.51728701185044, 230, 0, 2, True, 1425246889.777406)
(44.219385, -76.486, 0, 102.51728701185044, 230, 0, 2, True, 1425246889.885304)
(44.219385, -76.486, 0, 102.51728701185044, 230, 0, 2, True, 1425246889.98799)
(44.219385, -76.486, 0, 102.51728701185044, 230, 0, 2, True, 1425246890.09041)
(44.219385, -76.486, 0, 102.51728701185044, 230, 0, 2, True, 1425246890.192538)
(44.219385, -76.486, 0, 102.51728701185044, 230, 0, 2, True, 1425246890.295862)
(44.219385, -76.486, 0, 102.51728701185044, 230, 0, 2, True, 1425246890.398459)
(44.219385, -76.486, 0, 102.51728701185044, 230, 0, 2, True, 1425246890.50072)
(44.21937833333333, -76.486005, 0, 102.36431607384333, 230, 0, 2, True, 1425246890.601972)
(44.21937833333333, -76.486005, 0, 102.36431607384333, 230, 0, 2, True, 1425246890.702804)
(44.21937833333333, -76.486005, 0, 102.36431607384333, 230, 0, 2, True, 1425246890.803931)
(44.21937833333333, -76.486005, 0, 102.36431607384333, 230, 0, 2, True, 1425246890.906179)
(44.21937833333333, -76.486005, 0, 102.36431607384333, 230, 0, 2, True, 1425246891.007232)
(44.21937833333333, -76.486005, 0, 102.36431607384333, 230, 0, 2, True, 1425246891.108173)
(44.21937833333333, -76.486005, 0, 102.36431607384333, 230, 0, 2, True, 1425246891.214958)
(44.21937833333333, -76.486005, 0, 102.36431607384333, 230, 0, 2, True, 1425246891.317178)
(44.21937833333333, -76.486005, 0, 102.36431607384333, 230, 0, 2, True, 1425246891.420021)
(44.21937833333333, -76.486005, 0, 102.36431607384333, 230, 0, 2, True, 1425246891.522128)
(44.21937833333333, -76.486005, 0, 102.36431607384333, 230, 0, 2, True, 1425246891.62434)
(44.21937833333333, -76.486005, 0, 102.36431607384333, 230, 0, 2, True, 1425246891.730054)
(44.219375, -76.48601166666667, 0, 102.27458925171686, 230, 0, 2, True, 1425246891.835435)
(44.219375, -76.48601166666667, 0, 102.27458925171686, 230, 0, 2, True, 1425246891.945905)
(44.219375, -76.48601166666667, 0, 102.27458925171686, 230, 0, 2, True, 1425246892.047988)
(44.219375, -76.48601166666667, 0, 102.27458925171686, 230, 0, 2, True, 1425246892.14983)
(44.219375, -76.48601166666667, 0, 102.27458925171686, 230, 0, 2, True, 1425246892.251548)
(44.219375, -76.48601166666667, 0, 102.27458925171686, 230, 0, 2, True, 1425246892.353485)
(44.219375, -76.48601166666667, 0, 102.27458925171686, 230, 0, 2, True, 1425246892.456295)
(44.219375, -76.48601166666667, 0, 102.27458925171686, 230, 0, 2, True, 1425246892.561473)
(44.219375, -76.48601166666667, 0, 102.27458925171686, 230, 0, 2, True, 1425246892.663573)
(44.219375, -76.48601166666667, 0, 102.27458925171686, 230, 0, 2, True, 1425246892.765423)
(44.219375, -76.48601166666667, 0, 102.27458925171686, 230, 0, 2, True, 1425246892.868583)
(44.219375, -76.48601166666667, 0, 102.27458925171686, 230, 0, 2, True, 1425246892.97407)
(44.219375, -76.48601166666667, 0, 102.27458925171686, 230, 0, 2, True, 1425246893.079852)
(44.219375, -76.48601166666667, 0, 102.27458925171686, 230, 0, 2, True, 1425246893.18202)
(44.219375, -76.48601166666667, 0, 102.27458925171686, 230, 0, 2, True, 1425246893.28436)
(44.219375, -76.48601166666667, 0, 102.27458925171686, 230, 0, 2, True, 1425246893.3862)
(44.219375, -76.48601166666667, 0, 102.27458925171686, 230, 0, 2, True, 1425246893.491117)
(44.219375, -76.48601166666667, 0, 102.27458925171686, 230, 0, 2, True, 1425246893.593227)
(44.21937166666667, -76.48601833333333, 0, 102.18512210216329, 230, 0, 2, True, 1425246893.695482)
(44.21937166666667, -76.48601833333333, 0, 102.18512210216329, 230, 0, 2, True, 1425246893.798728)
(44.21937166666667, -76.48601833333333, 0, 102.18512210216329, 230, 0, 2, True, 1425246893.902156)
(44.21937166666667, -76.48601833333333, 0, 102.18512210216329, 230, 0, 2, True, 1425246894.007719)
(44.21937166666667, -76.48601833333333, 0, 102.18512210216329, 230, 0, 2, True, 1425246894.112956)
(44.21937166666667, -76.48601833333333, 0, 102.18512210216329, 230, 0, 2, True, 1425246894.215268)
(44.21937166666667, -76.48601833333333, 0, 102.18512210216329, 230, 0, 2, True, 1425246894.316519)
(44.21937166666667, -76.48601833333333, 0, 102.18512210216329, 230, 0, 2, True, 1425246894.426096)
(44.21937166666667, -76.48601833333333, 0, 102.18512210216329, 230, 0, 2, True, 1425246894.5272)
(44.21937166666667, -76.48601833333333, 0, 102.18512210216329, 230, 0, 2, True, 1425246894.631314)
(44.21937166666667, -76.48601833333333, 0, 102.18512210216329, 230, 0, 2, True, 1425246894.735486)
(44.21937166666667, -76.48601833333333, 0, 102.18512210216329, 230, 0, 2, True, 1425246894.836435)
(44.21937166666667, -76.48601833333333, 0, 102.18512210216329, 230, 0, 2, True, 1425246894.937508)
(44.21937166666667, -76.48601833333333, 0, 102.18512210216329, 230, 0, 2, True, 1425246895.040508)
(44.21937166666667, -76.48601833333333, 0, 102.18512210216329, 230, 0, 2, True, 1425246895.143751)
(44.21937166666667, -76.48601833333333, 0, 102.18512210216329, 230, 0, 2, True, 1425246895.244941)
(44.21937166666667, -76.48601833333333, 0, 102.18512210216329, 230, 0, 2, True, 1425246895.346191)
(44.21937166666667, -76.48601833333333, 0, 102.18512210216329, 230, 0, 2, True, 1425246895.447282)
(44.21937166666667, -76.48601833333333, 0, 102.18512210216329, 230, 0, 2, True, 1425246895.549869)
(44.21937166666667, -76.48601833333333, 0, 102.18512210216329, 230, 0, 2, True, 1425246895.651767)
(44.21937166666667, -76.48601833333333, 0, 102.18512210216329, 230, 0, 2, True, 1425246895.757362)
(44.21937166666667, -76.48601833333333, 0, 102.18512210216329, 230, 0, 2, True, 1425246895.859546)
(44.21937166666667, -76.48601833333333, 0, 102.18512210216329, 230, 0, 2, True, 1425246895.961686)
(44.21937166666667, -76.48601833333333, 0, 102.18512210216329, 230, 0, 2, True, 1425246896.071418)
(44.21937166666667, -76.48601833333333, 0, 102.18512210216329, 230, 0, 2, True, 1425246896.17346)
(44.21937166666667, -76.48601833333333, 0, 102.18512210216329, 230, 0, 2, True, 1425246896.275558)
(44.21937166666667, -76.48601833333333, 0, 102.18512210216329, 230, 0, 2, True, 1425246896.378578)
(44.21937166666667, -76.48601833333333, 0, 102.18512210216329, 230, 0, 2, True, 1425246896.481052)
(44.21937166666667, -76.48601833333333, 0, 102.18512210216329, 230, 0, 2, True, 1425246896.584066)
(44.219365, -76.48601, 0, 102.0747920004132, 230, 0, 2, True, 1425246896.6867)
(44.219365, -76.48601, 0, 102.0747920004132, 230, 0, 2, True, 1425246896.792473)
(44.219365, -76.48601, 0, 102.0747920004132, 230, 0, 2, True, 1425246896.895031)
(44.219365, -76.48601, 0, 102.0747920004132, 230, 0, 2, True, 1425246896.997206)
(44.219365, -76.48601, 0, 102.0747920004132, 230, 0, 2, True, 1425246897.105211)
(44.219365, -76.48601, 0, 102.0747920004132, 230, 0, 2, True, 1425246897.207194)
(44.219365, -76.48601, 0, 102.0747920004132, 230, 0, 2, True, 1425246897.309224)
(44.219365, -76.48601, 0, 102.0747920004132, 230, 0, 2, True, 1425246897.411354)
(44.219365, -76.48601, 0, 102.0747920004132, 230, 0, 2, True, 1425246897.516867)
(44.21936, -76.48601333333333, 0, 101.96171084496848, 230, 0, 2, True, 1425246897.621863)
(44.21936, -76.48601333333333, 0, 101.96171084496848, 230, 0, 2, True, 1425246897.724052)
(44.21936, -76.48601333333333, 0, 101.96171084496848, 230, 0, 2, True, 1425246897.826255)
(44.21936, -76.48601333333333, 0, 101.96171084496848, 230, 0, 2, True, 1425246897.934058)
(44.21936, -76.48601333333333, 0, 101.96171084496848, 230, 0, 2, True, 1425246898.036138)
(44.21936, -76.48601333333333, 0, 101.96171084496848, 230, 0, 2, True, 1425246898.14552)
(44.21936, -76.48601333333333, 0, 101.96171084496848, 230, 0, 2, True, 1425246898.247488)
(44.21936, -76.48601333333333, 0, 101.96171084496848, 230, 0, 2, True, 1425246898.352502)
(44.21936, -76.48601333333333, 0, 101.96171084496848, 230, 0, 2, True, 1425246898.454398)
(44.21936, -76.48