(0, -10, 0, 316.70261680094234, 230, 0, 1, False, 1425246469.567796)
(0, -10, 0, 316.70261680094234, 230, 0, 1, False, 1425246469.668796)
(0, -10, 0, 316.70261680094234, 230, 0, 1, False, 1425246469.775128)
(0, -10, 0, 316.70261680094234, 230, 0, 1, False, 1425246469.876105)
(0, -10, 184.0, 316.70261680094234, 230, 0, 1, False, 1425246469.977274)
(0, -10, 184.0, 316.70261680094234, 230, 0, 1, False, 1425246470.078265)
(0, -10, 184.0, 316.70261680094234, 230, 0, 1, False, 1425246470.183546)
(0, -10, 184.0, 316.70261680094234, 257.8999999926287, 1.4399999999999997, 1, False, 1425246470.286241)
(0, -10, 184.0, 316.70261680094234, 257.8999999926287, 1.4399999999999997, 1, False, 1425246470.388023)
(0, -10, 184.0, 316.70261680094234, 257.8999999926287, 1.4399999999999997, 1, False, 1425246470.489709)
(0, -10, 184.0, 316.70261680094234, 257.8999999926287, 1.4399999999999997, 1, False, 1425246470.601746)
(44.22165, -76.48484, 184.0, 186.77709317426442, 257.8999999926287, 1.4399999999999997, 1, False, 1425246470.704039)
(44.22165, -76.48484, 184.0, 186.77709317426442, 257.8999999926287, 1.4399999999999997, 1, False, 1425246470.810372)
(44.22165, -76.48484, 184.0, 186.77709317426442, 257.8999999926287, 1.4399999999999997, 1, False, 1425246470.912698)
(44.22165, -76.48484, 184.0, 186.77709317426442, 257.8999999926287, 1.4399999999999997, 1, False, 1425246471.014796)
(44.22165, -76.48484, 184.0, 186.77709317426442, 257.8999999926287, 1.4399999999999997, 1, False, 1425246471.116765)
(44.22165, -76.48484, 184.0, 186.77709317426442, 257.8999999926287, 1.4399999999999997, 1, False, 1425246471.218692)
(44.22165, -76.48484, 184.0, 186.77709317426442, 257.8999999926287, 1.4399999999999997, 1, False, 1425246471.321151)
(44.22165, -76.48484, 184.0, 186.77709317426442, 257.8999999926287, 1.4399999999999997, 1, False, 1425246471.423047)
(44.22165, -76.48484, 184.0, 186.77709317426442, 257.8999999926287, 1.4399999999999997, 1, False, 1425246471.526594)
(44.22165, -76.48484, 184.0, 186.77709317426442, 257.8999999926287, 1.4399999999999997, 1, True, 1425246471.637848)
(44.221648333333334, -76.48483666666667, 184.0, 186.87003085041593, 251.04810445711075, 2.886970935525932, 1, True, 1425246471.740042)
(44.221648333333334, -76.48483666666667, 184.0, 186.87003085041593, 251.04810445711075, 2.886970935525932, 1, True, 1425246471.84531)
(44.221648333333334, -76.48483666666667, 184.0, 186.87003085041593, 251.04810445711075, 2.886970935525932, 1, True, 1425246471.947676)
(44.221648333333334, -76.48483666666667, 184.0, 186.87003085041593, 251.04810445711075, 2.886970935525932, 1, True, 1425246472.049876)
(44.221648333333334, -76.48483666666667, 184.0, 186.87003085041593, 251.04810445711075, 2.886970935525932, 1, True, 1425246472.15741)
(44.221648333333334, -76.48483666666667, 184.0, 186.87003085041593, 251.04810445711075, 2.886970935525932, 1, True, 1425246472.259366)
(44.221648333333334, -76.48483666666667, 184.0, 186.87003085041593, 251.04810445711075, 2.886970935525932, 1, True, 1425246472.36281)
(44.221648333333334, -76.48483666666667, 184.0, 186.87003085041593, 251.04810445711075, 2.886970935525932, 1, True, 1425246472.465636)
(44.221648333333334, -76.48483666666667, 184.0, 186.87003085041593, 251.04810445711075, 2.886970935525932, 1, True, 1425246472.567942)
(44.221648333333334, -76.48483666666667, 184.0, 186.87003085041593, 251.04810445711075, 2.886970935525932, 1, True, 1425246472.691118)
(44.221648333333334, -76.48483666666667, 184.0, 186.87003085041593, 251.04810445711075, 2.886970935525932, 1, True, 1425246472.793499)
(44.221648333333334, -76.48483666666667, 184.0, 186.87003085041593, 251.04810445711075, 2.886970935525932, 1, True, 1425246472.89601)
(44.221648333333334, -76.48483666666667, 184.0, 186.87003085041593, 251.04810445711075, 2.886970935525932, 1, True, 1425246473.007431)
(44.221648333333334, -76.48483666666667, 184.0, 186.87003085041593, 251.04810445711075, 2.886970935525932, 1, True, 1425246473.109906)
(44.221648333333334, -76.48483666666667, 184.0, 186.87003085041593, 251.04810445711075, 2.886970935525932, 1, True, 1425246473.215258)
(44.221648333333334, -76.48483666666667, 184.0, 186.87003085041593, 251.04810445711075, 2.886970935525932, 1, True, 1425246473.31776)
(44.221648333333334, -76.48483666666667, 184.0, 186.87003085041593, 251.04810445711075, 2.886970935525932, 1, True, 1425246473.419914)
(44.221648333333334, -76.48483666666667, 184.0, 186.87003085041593, 251.04810445711075, 2.886970935525932, 1, True, 1425246473.524918)
(44.22163166666667, -76.48483333333333, 184.0, 187.02960043985658, 251.04810445711075, 2.886970935525932, 1, True, 1425246473.627024)
(44.22163166666667, -76.48483333333333, 184.0, 187.02960043985658, 251.04810445711075, 2.886970935525932, 1, True, 1425246473.739779)
(44.22163166666667, -76.48483333333333, 184.0, 187.02960043985658, 251.04810445711075, 2.886970935525932, 1, True, 1425246473.84374)
(44.22163166666667, -76.48483333333333, 184.0, 187.02960043985658, 251.04810445711075, 2.886970935525932, 1, True, 1425246473.946188)
(44.22163166666667, -76.48483333333333, 184.0, 187.02960043985658, 251.04810445711075, 2.886970935525932, 1, True, 1425246474.048293)
(44.22163166666667, -76.48483333333333, 184.0, 187.02960043985658, 251.04810445711075, 2.886970935525932, 1, True, 1425246474.153422)
(44.22163166666667, -76.48483333333333, 184.0, 187.02960043985658, 251.04810445711075, 2.886970935525932, 1, True, 1425246474.257609)
(44.22163166666667, -76.48483333333333, 184.0, 187.02960043985658, 251.04810445711075, 2.886970935525932, 1, True, 1425246474.362028)
(44.22163166666667, -76.48483333333333, 184.0, 187.02960043985658, 251.04810445711075, 2.886970935525932, 1, True, 1425246474.464219)
(44.22162333333333, -76.48484, 184.0, 186.89277503309717, 251.04810445711075, 2.886970935525932, 1, True, 1425246474.577209)
(44.22162333333333, -76.48484, 184.0, 186.89277503309717, 251.04810445711075, 2.886970935525932, 1, True, 1425246474.679368)
(44.22162333333333, -76.48484, 184.0, 186.89277503309717, 251.04810445711075, 2.886970935525932, 1, True, 1425246474.810374)
(44.22162333333333, -76.48484, 184.0, 186.89277503309717, 251.04810445711075, 2.886970935525932, 1, True, 1425246474.912816)
(44.22162333333333, -76.48484, 184.0, 186.89277503309717, 251.04810445711075, 2.886970935525932, 1, True, 1425246475.01844)
(44.22162333333333, -76.48484, 184.0, 186.89277503309717, 251.04810445711075, 2.886970935525932, 1, True, 1425246475.120547)
(44.22162333333333, -76.48484, 184.0, 186.89277503309717, 251.04810445711075, 2.886970935525932, 1, True, 1425246475.22249)
(44.22162333333333, -76.48484, 184.0, 186.89277503309717, 251.04810445711075, 2.886970935525932, 1, True, 1425246475.326805)
(44.22162333333333, -76.48484, 184.0, 186.89277503309717, 251.04810445711075, 2.886970935525932, 1, True, 1425246475.433022)
(44.22162333333333, -76.48484, 184.0, 186.89277503309717, 251.04810445711075, 2.886970935525932, 1, True, 1425246475.534977)
(44.22162333333333, -76.48484, 184.0, 186.89277503309717, 251.04810445711075, 2.886970935525932, 1, True, 1425246475.637371)
(44.22162333333333, -76.48484, 184.0, 186.89277503309717, 251.04810445711075, 2.886970935525932, 1, True, 1425246475.7407)
(44.22162333333333, -76.48484, 184.0, 186.89277503309717, 251.04810445711075, 2.886970935525932, 1, True, 1425246475.853825)
(44.22162333333333, -76.48484, 198.5, 186.89277503309717, 251.04810445711075, 2.886970935525932, 1, True, 1425246475.956635)
(44.22162333333333, -76.48484, 198.5, 186.89277503309717, 251.04810445711075, 2.886970935525932, 1, True, 1425246476.062337)
(44.22162333333333, -76.48484, 198.5, 186.89277503309717, 251.04810445711075, 2.886970935525932, 1, True, 1425246476.16488)
(44.22162333333333, -76.48484, 198.5, 186.89277503309717, 248.4619241915446, 4.05678236356966, 1, True, 1425246476.267294)
(44.22162333333333, -76.48484, 198.5, 186.89277503309717, 248.4619241915446, 4.05678236356966, 1, True, 1425246476.372234)
(44.22162333333333, -76.48484, 198.5, 186.89277503309717, 248.4619241915446, 4.05678236356966, 1, True, 1425246476.477216)
(44.221595, -76.48483833333333, 198.5, 187.0644486263541, 248.4619241915446, 4.05678236356966, 1, True, 1425246476.579334)
(44.221595, -76.48483833333333, 198.5, 187.0644486263541, 248.4619241915446, 4.05678236356966, 1, True, 1425246476.681944)
(44.221595, -76.48483833333333, 198.5, 187.0644486263541, 248.4619241915446, 4.05678236356966, 1, True, 1425246476.786683)
(44.221595, -76.48483833333333, 198.5, 187.0644486263541, 248.4619241915446, 4.05678236356966, 1, True, 1425246476.899394)
(44.221595, -76.48483833333333, 198.5, 187.0644486263541, 248.4619241915446, 4.05678236356966, 1, True, 1425246477.0015)
(44.221595, -76.48483833333333, 198.5, 187.0644486263541, 248.4619241915446, 4.05678236356966, 1, True, 1425246477.103517)
(44.221595, -76.48483833333333, 198.5, 187.0644486263541, 248.4619241915446, 4.05678236356966, 1, True, 1425246477.20664)
(44.221595, -76.48483833333333, 198.5, 187.0644486263541, 248.4619241915446, 4.05678236356966, 1, True, 1425246477.309064)
(44.221595, -76.48483833333333, 198.5, 187.0644486263541, 248.4619241915446, 4.05678236356966, 1, True, 1425246477.413873)
(44.221595, -76.48483833333333, 198.5, 187.0644486263541, 248.4619241915446, 4.05678236356966, 1, True, 1425246477.519503)
(44.221583333333335, -76.48484, 198.5, 187.07385864396343, 248.4619241915446, 4.05678236356966, 1, True, 1425246477.621861)
(44.221583333333335, -76.48484, 198.5, 187.07385864396343, 248.4619241915446, 4.05678236356966, 1, True, 1425246477.726312)
(44.221583333333335, -76.48484, 198.5, 187.07385864396343, 248.4619241915446, 4.05678236356966, 1, True, 1425246477.828596)
(44.221583333333335, -76.48484, 198.5, 187.07385864396343, 248.4619241915446, 4.05678236356966, 1, True, 1425246477.945686)
(44.221583333333335, -76.48484, 198.5, 187.07385864396343, 248.4619241915446, 4.05678236356966, 1, True, 1425246478.048517)
(44.221583333333335, -76.48484, 198.5, 187.07385864396343, 248.4619241915446, 4.05678236356966, 1, True, 1425246478.151045)
(44.221583333333335, -76.48484, 198.5, 187.07385864396343, 248.4619241915446, 4.05678236356966, 1, True, 1425246478.253161)
(44.221583333333335, -76.48484, 198.5, 187.07385864396343, 248.4619241915446, 4.05678236356966, 1, True, 1425246478.355865)
(44.221583333333335, -76.48484, 198.5, 187.07385864396343, 248.4619241915446, 4.05678236356966, 1, True, 1425246478.460361)
(44.221583333333335, -76.48484, 198.5, 187.07385864396343, 248.4619241915446, 4.05678236356966, 1, True, 1425246478.566991)
(44.221583333333335, -76.48484, 198.5, 187.07385864396343, 248.4619241915446, 4.05678236356966, 1, True, 1425246478.669185)
(44.221583333333335, -76.48484, 198.5, 187.07385864396343, 248.4619241915446, 4.05678236356966, 1, True, 1425246478.771278)
(44.221583333333335, -76.48484, 198.5, 187.07385864396343, 248.4619241915446, 4.05678236356966, 1, True, 1425246478.874528)
(44.221583333333335, -76.48484, 198.5, 187.07385864396343, 248.4619241915446, 4.05678236356966, 1, True, 1425246478.991561)
(44.221583333333335, -76.48484, 198.5, 187.07385864396343, 248.4619241915446, 4.05678236356966, 1, True, 1425246479.093553)
(44.221583333333335, -76.48484, 198.5, 187.07385864396343, 248.4619241915446, 4.05678236356966, 1, True, 1425246479.196049)
(44.221583333333335, -76.48484, 198.5, 187.07385864396343, 248.4619241915446, 4.05678236356966, 1, True, 1425246479.302214)
(44.221583333333335, -76.48484, 198.5, 187.07385864396343, 248.4619241915446, 4.05678236356966, 1, True, 1425246479.404259)
(44.221583333333335, -76.48484, 198.5, 187.07385864396343, 248.4619241915446, 4.05678236356966, 1, True, 1425246479.508635)
(44.221583333333335, -76.48484, 198.5, 187.07385864396343, 248.4619241915446, 4.05678236356966, 1, True, 1425246479.612864)
(44.221583333333335, -76.48484, 198.5, 187.07385864396343, 248.4619241915446, 4.05678236356966, 1, True, 1425246479.716003)
(44.221565, -76.484835, 198.5, 187.295758771724, 248.4619241915446, 4.05678236356966, 1, True, 1425246479.820911)
(44.221565, -76.484835, 198.5, 187.295758771724, 248.4619241915446, 4.05678236356966, 1, True, 1425246479.925385)
(44.221565, -76.484835, 198.5, 187.295758771724, 248.4619241915446, 4.05678236356966, 1, True, 1425246480.043045)
(44.221565, -76.484835, 198.5, 187.295758771724, 248.4619241915446, 4.05678236356966, 1, True, 1425246480.145558)
(44.221565, -76.484835, 198.5, 187.295758771724, 248.4619241915446, 4.05678236356966, 1, True, 1425246480.250658)
(44.221565, -76.484835, 198.5, 187.295758771724, 248.4619241915446, 4.05678236356966, 1, True, 1425246480.352834)
(44.221565, -76.484835, 198.5, 187.295758771724, 248.4619241915446, 4.05678236356966, 1, True, 1425246480.454855)
(44.221565, -76.484835, 198.5, 187.295758771724, 248.4619241915446, 4.05678236356966, 1, True, 1425246480.558778)
(44.221565, -76.484835, 198.5, 187.295758771724, 248.4619241915446, 4.05678236356966, 1, True, 1425246480.66315)
(44.221558333333334, -76.48483666666667, 198.5, 187.28279328203047, 248.4619241915446, 4.05678236356966, 1, True, 1425246480.767096)
(44.221558333333334, -76.48483666666667, 198.5, 187.28279328203047, 248.4619241915446, 4.05678236356966, 1, True, 1425246480.869554)
(44.221558333333334, -76.48483666666667, 198.5, 187.28279328203047, 248.4619241915446, 4.05678236356966, 1, True, 1425246480.971619)
(44.221558333333334, -76.48483666666667, 198.5, 187.28279328203047, 248.4619241915446, 4.05678236356966, 1, True, 1425246481.088327)
(44.221558333333334, -76.48483666666667, 198.5, 187.28279328203047, 248.4619241915446, 4.05678236356966, 1, True, 1425246481.190907)
(44.221558333333334, -76.48483666666667, 198.5, 187.28279328203047, 248.4619241915446, 4.05678236356966, 1, True, 1425246481.300343)
(44.221558333333334, -76.48483666666667, 198.5, 187.28279328203047, 248.4619241915446, 4.05678236356966, 1, True, 1425246481.40277)
(44.221558333333334, -76.48483666666667, 198.5, 187.28279328203047, 248.4619241915446, 4.05678236356966, 1, True, 1425246481.504927)
(44.221558333333334, -76.48483666666667, 198.5, 187.28279328203047, 248.4619241915446, 4.05678236356966, 1, True, 1425246481.608825)
(44.221558333333334, -76.48483666666667, 198.5, 187.28279328203047, 248.4619241915446, 4.05678236356966, 1, True, 1425246481.711603)
(44.221558333333334, -76.48483666666667, 198.5, 187.28279328203047, 248.4619241915446, 4.05678236356966, 1, True, 1425246481.81739)
(44.221558333333334, -76.48483666666667, 198.5, 187.28279328203047, 248.4619241915446, 4.05678236356966, 1, True, 1425246481.91964)
(44.221558333333334, -76.48483666666667, 198.5, 187.28279328203047, 248.4619241915446, 4.05678236356966, 1, True, 1425246482.024181)
(44.221558333333334, -76.48483666666667, 198.5, 187.28279328203047, 248.4619241915446, 4.05678236356966, 1, True, 1425246482.140812)
(44.221558333333334, -76.48483666666667, 198.5, 187.28279328203047, 248.4619241915446, 4.05678236356966, 1, True, 1425246482.243345)
(44.221558333333334, -76.48483666666667, 198.5, 187.28279328203047, 248.4619241915446, 4.05678236356966, 1, True, 1425246482.348909)
(44.221558333333334, -76.48483666666667, 198.5, 187.28279328203047, 248.4619241915446, 4.05678236356966, 1, True, 1425246482.450785)
(44.22154666666667, -76.48483833333333, 198.5, 187.29415984459052, 248.4619241915446, 4.05678236356966, 1, True, 1425246482.55291)
(44.22154666666667, -76.48483833333333, 198.5, 187.29415984459052, 248.4619241915446, 4.05678236356966, 1, True, 1425246482.657423)
(44.22154666666667, -76.48483833333333, 198.5, 187.29415984459052, 248.4619241915446, 4.05678236356966, 1, True, 1425246482.761426)
(44.22154666666667, -76.48483833333333, 198.5, 187.29415984459052, 248.4619241915446, 4.05678236356966, 1, True, 1425246482.863681)
(44.22154666666667, -76.48483833333333, 198.5, 187.29415984459052, 248.4619241915446, 4.05678236356966, 1, True, 1425246482.965919)
(44.22154666666667, -76.48483833333333, 198.5, 187.29415984459052, 248.4619241915446, 4.05678236356966, 1, True, 1425246483.071423)
(44.22154666666667, -76.48483833333333, 198.5, 187.29415984459052, 248.4619241915446, 4.05678236356966, 1, True, 1425246483.183232)
(44.22154666666667, -76.48483833333333, 198.5, 187.29415984459052, 248.4619241915446, 4.05678236356966, 1, True, 1425246483.294346)
(44.22154666666667, -76.48483833333333, 198.5, 187.29415984459052, 248.4619241915446, 4.05678236356966, 1, True, 1425246483.396406)
(44.22154666666667, -76.48483833333333, 198.5, 187.29415984459052, 248.4619241915446, 4.05678236356966, 1, True, 1425246483.498798)
(44.221536666666665, -76.48483666666667, 198.5, 187.38963653490106, 248.4619241915446, 4.05678236356966, 1, True, 1425246483.601083)
(44.221536666666665, -76.48483666666667, 198.5, 187.38963653490106, 248.4619241915446, 4.05678236356966, 1, True, 1425246483.709602)
(44.221536666666665, -76.48483666666667, 198.5, 187.38963653490106, 248.4619241915446, 4.05678236356966, 1, True, 1425246483.811728)
(44.221536666666665, -76.48483666666667, 198.5, 187.38963653490106, 248.4619241915446, 4.05678236356966, 1, True, 1425246483.913631)
(44.221536666666665, -76.48483666666667, 198.5, 187.38963653490106, 248.4619241915446, 4.05678236356966, 1, True, 1425246484.015811)
(44.221536666666665, -76.48483666666667, 198.5, 187.38963653490106, 248.4619241915446, 4.05678236356966, 1, True, 1425246484.118225)
(44.221536666666665, -76.48483666666667, 198.5, 187.38963653490106, 248.4619241915446, 4.05678236356966, 1, True, 1425246484.233065)
(44.221536666666665, -76.48483666666667, 198.5, 187.38963653490106, 248.4619241915446, 4.05678236356966, 1, True, 1425246484.335198)
(44.221536666666665, -76.48483666666667, 198.5, 187.38963653490106, 248.4619241915446, 4.05678236356966, 1, True, 1425246484.437155)
(44.221536666666665, -76.48483666666667, 198.5, 187.38963653490106, 248.4619241915446, 4.05678236356966, 1, True, 1425246484.543356)
(44.221536666666665, -76.48483666666667, 198.5, 187.38963653490106, 248.4619241915446, 4.05678236356966, 1, True, 1425246484.645741)
(44.221536666666665, -76.48483666666667, 198.5, 187.38963653490106, 248.4619241915446, 4.05678236356966, 1, True, 1425246484.751761)
(44.221536666666665, -76.48483666666667, 198.5, 187.38963653490106, 248.4619241915446, 4.05678236356966, 1, True, 1425246484.854299)
(44.221536666666665, -76.48483666666667, 198.5, 187.38963653490106, 248.4619241915446, 4.05678236356966, 1, True, 1425246484.956599)
(44.221536666666665, -76.48483666666667, 198.5, 187.38963653490106, 248.4619241915446, 4.05678236356966, 1, True, 1425246485.058913)
(44.221536666666665, -76.48483666666667, 198.5, 187.38963653490106, 248.4619241915446, 4.05678236356966, 1, True, 1425246485.165133)
(44.221536666666665, -76.48483666666667, 198.5, 187.38963653490106, 248.4619241915446, 4.05678236356966, 1, True, 1425246485.280666)
(44.221536666666665, -76.48483666666667, 198.5, 187.38963653490106, 248.4619241915446, 4.05678236356966, 1, True, 1425246485.382723)
(44.221536666666665, -76.48483666666667, 198.5, 187.38963653490106, 248.4619241915446, 4.05678236356966, 1, True, 1425246485.487021)
(44.221536666666665, -76.48483666666667, 198.5, 187.38963653490106, 248.4619241915446, 4.05678236356966, 1, True, 1425246485.58905)
(44.22152333333333, -76.48484333333333, 198.5, 187.2709184945359, 248.4619241915446, 4.05678236356966, 1, True, 1425246485.691071)
(44.22152333333333, -76.48484333333333, 198.5, 187.2709184945359, 248.4619241915446, 4.05678236356966, 1, True, 1425246485.798335)
(44.22152333333333, -76.48484333333333, 198.5, 187.2709184945359, 248.4619241915446, 4.05678236356966, 1, True, 1425246485.900982)
(44.22152333333333, -76.48484333333333, 198.5, 187.2709184945359, 248.4619241915446, 4.05678236356966, 1, True, 1425246486.003288)
(44.22152333333333, -76.48484333333333, 198.5, 187.2709184945359, 248.4619241915446, 4.05678236356966, 1, True, 1425246486.105344)
(44.22152333333333, -76.48484333333333, 198.5, 187.2709184945359, 248.4619241915446, 4.05678236356966, 1, True, 1425246486.207774)
(44.22152333333333, -76.48484333333333, 198.5, 187.2709184945359, 248.4619241915446, 4.05678236356966, 1, True, 1425246486.319019)
(44.22152333333333, -76.48484333333333, 198.5, 187.2709184945359, 248.4619241915446, 4.05678236356966, 1, True, 1425246486.421289)
(44.22152333333333, -76.48484333333333, 198.5, 187.2709184945359, 248.4619241915446, 4.05678236356966, 1, True, 1425246486.527935)
(44.221513333333334, -76.48484666666667, 198.5, 187.2272571918024, 248.4619241915446, 4.05678236356966, 1, True, 1425246486.630598)
(44.221513333333334, -76.48484666666667, 198.5, 187.2272571918024, 248.4619241915446, 4.05678236356966, 1, True, 1425246486.733034)
(44.221513333333334, -76.48484666666667, 198.5, 187.2272571918024, 248.4619241915446, 4.05678236356966, 1, True, 1425246486.837232)
(44.221513333333334, -76.48484666666667, 198.5, 187.2272571918024, 248.4619241915446, 4.05678236356966, 1, True, 1425246486.942984)
(44.221513333333334, -76.48484666666667, 198.5, 187.2272571918024, 248.4619241915446, 4.05678236356966, 1, True, 1425246487.045679)
(44.221513333333334, -76.48484666666667, 198.5, 187.2272571918024, 248.4619241915446, 4.05678236356966, 1, True, 1425246487.1482)
(44.221513333333334, -76.48484666666667, 198.5, 187.2272571918024, 246.3821708742081, 4.634924482621214, 1, True, 1425246487.250498)
(44.221513333333334, -76.48484666666667, 198.5, 187.2272571918024, 246.3821708742081, 4.634924482621214, 1, True, 1425246487.367563)
(44.221513333333334, -76.48484666666667, 198.5, 187.2272571918024, 246.3821708742081, 4.634924482621214, 1, True, 1425246487.469792)
(44.221513333333334, -76.48484666666667, 198.5, 187.2272571918024, 246.3821708742081, 4.634924482621214, 1, True, 1425246487.571869)
(44.221513333333334, -76.48484666666667, 198.5, 187.2272571918024, 246.3821708742081, 4.634924482621214, 1, True, 1425246487.674498)
(44.221513333333334, -76.48484666666667, 198.5, 187.2272571918024, 246.3821708742081, 4.634924482621214, 1, True, 1425246487.776804)
(44.221513333333334, -76.48484666666667, 186.5, 187.2272571918024, 245.8056590223016, 5.1039963959942, 1, True, 1425246487.880831)
(44.221513333333334, -76.48484666666667, 186.5, 187.2272571918024, 245.8056590223016, 5.1039963959942, 1, True, 1425246487.987648)
(44.221513333333334, -76.48484666666667, 186.5, 187.2272571918024, 245.8056590223016, 5.1039963959942, 1, True, 1425246488.089889)
(44.221513333333334, -76.48484666666667, 186.5, 187.2272571918024, 245.8056590223016, 5.1039963959942, 1, True, 1425246488.192387)
(44.221513333333334, -76.48484666666667, 186.5, 187.2272571918024, 247.0154018418382, 5.310365373469772, 1, True, 1425246488.294348)
(44.221513333333334, -76.48484666666667, 186.5, 187.2272571918024, 247.0154018418382, 5.310365373469772, 1, True, 1425246488.410881)
(44.221513333333334, -76.48484666666667, 186.5, 187.2272571918024, 247.0154018418382, 5.310365373469772, 1, True, 1425246488.513108)
(44.2215, -76.48484166666667, 186.5, 187.4360115887663, 247.0154018418382, 5.310365373469772, 1, True, 1425246488.615038)
(44.2215, -76.48484166666667, 186.5, 187.4360115887663, 247.0154018418382, 5.310365373469772, 1, True, 1425246488.721749)
(44.2215, -76.48484166666667, 186.5, 187.4360115887663, 247.0154018418382, 5.310365373469772, 1, True, 1425246488.82389)
(44.2215, -76.48484166666667, 186.5, 187.4360115887663, 247.0154018418382, 5.310365373469772, 1, True, 1425246488.92771)
(44.2215, -76.48484166666667, 186.5, 187.4360115887663, 247.0154018418382, 5.310365373469772, 1, True, 1425246489.030287)
(44.2215, -76.48484166666667, 186.5, 187.4360115887663, 247.0154018418382, 5.310365373469772, 1, True, 1425246489.132421)
(44.2215, -76.48484166666667, 186.5, 187.4360115887663, 247.0154018418382, 5.310365373469772, 1, True, 1425246489.234968)
(44.2215, -76.48484166666667, 186.5, 187.4360115887663, 247.0154018418382, 5.310365373469772, 1, True, 1425246489.337066)
(44.2215, -76.48484166666667, 186.5, 187.4360115887663, 247.0154018418382, 5.310365373469772, 1, True, 1425246489.453168)
(44.2215, -76.48484166666667, 186.5, 187.4360115887663, 247.0154018418382, 5.310365373469772, 1, True, 1425246489.555437)
(44.22149, -76.48483666666667, 186.5, 187.6306904194536, 247.0154018418382, 5.310365373469772, 1, True, 1425246489.663242)
(44.22149, -76.48483666666667, 186.5, 187.6306904194536, 247.0154018418382, 5.310365373469772, 1, True, 1425246489.769092)
(44.22149, -76.48483666666667, 186.5, 187.6306904194536, 247.0154018418382, 5.310365373469772, 1, True, 1425246489.871433)
(44.22149, -76.48483666666667, 186.5, 187.6306904194536, 247.0154018418382, 5.310365373469772, 1, True, 1425246489.975653)
(44.22149, -76.48483666666667, 186.5, 187.6306904194536, 247.0154018418382, 5.310365373469772, 1, True, 1425246490.077739)
(44.22149, -76.48483666666667, 186.5, 187.6306904194536, 247.0154018418382, 5.310365373469772, 1, True, 1425246490.185313)
(44.22149, -76.48483666666667, 186.5, 187.6306904194536, 247.0154018418382, 5.310365373469772, 1, True, 1425246490.287694)
(44.22149, -76.48483666666667, 186.5, 187.6306904194536, 247.0154018418382, 5.310365373469772, 1, True, 1425246490.389983)
(44.22149, -76.48483666666667, 186.5, 187.6306904194536, 247.0154018418382, 5.310365373469772, 1, True, 1425246490.511367)
(44.22149, -76.48483666666667, 186.5, 187.6306904194536, 247.0154018418382, 5.310365373469772, 1, True, 1425246490.613401)
(44.22149, -76.48483666666667, 186.5, 187.6306904194536, 247.0154018418382, 5.310365373469772, 1, True, 1425246490.715864)
(44.22149, -76.48483666666667, 186.5, 187.6306904194536, 247.0154018418382, 5.310365373469772, 1, True, 1425246490.817799)
(44.22149, -76.48483666666667, 186.5, 187.6306904194536, 247.0154018418382, 5.310365373469772, 1, True, 1425246490.919856)
(44.22149, -76.48483666666667, 186.5, 187.6306904194536, 247.0154018418382, 5.310365373469772, 1, True, 1425246491.026622)
(44.22149, -76.48483666666667, 186.5, 187.6306904194536, 247.0154018418382, 5.310365373469772, 1, True, 1425246491.128734)
(44.22149, -76.48483666666667, 186.5, 187.6306904194536, 247.0154018418382, 5.310365373469772, 1, True, 1425246491.231104)
(44.22149, -76.48483666666667, 186.5, 187.6306904194536, 247.0154018418382, 5.310365373469772, 1, True, 1425246491.337088)
(44.22149, -76.48483666666667, 186.5, 187.6306904194536, 247.0154018418382, 5.310365373469772, 1, True, 1425246491.439153)
(44.22149, -76.48483666666667, 186.5, 187.6306904194536, 247.0154018418382, 5.310365373469772, 1, True, 1425246491.555457)
(44.22149, -76.48483666666667, 186.5, 187.6306904194536, 247.0154018418382, 5.310365373469772, 1, True, 1425246491.657932)
(44.221471666666666, -76.484845, 186.5, 187.48884622531494, 247.0154018418382, 5.310365373469772, 1, True, 1425246491.760332)
(44.221471666666666, -76.484845, 186.5, 187.48884622531494, 247.0154018418382, 5.310365373469772, 1, True, 1425246491.86467)
(44.221471666666666, -76.484845, 186.5, 187.48884622531494, 247.0154018418382, 5.310365373469772, 1, True, 1425246491.966569)
(44.221471666666666, -76.484845, 186.5, 187.48884622531494, 247.0154018418382, 5.310365373469772, 1, True, 1425246492.070447)
(44.221471666666666, -76.484845, 186.5, 187.48884622531494, 247.0154018418382, 5.310365373469772, 1, True, 1425246492.174615)
(44.221471666666666, -76.484845, 186.5, 187.48884622531494, 247.0154018418382, 5.310365373469772, 1, True, 1425246492.27859)
(44.221471666666666, -76.484845, 186.5, 187.48884622531494, 247.0154018418382, 5.310365373469772, 1, True, 1425246492.380739)
(44.221471666666666, -76.484845, 186.5, 187.48884622531494, 247.0154018418382, 5.310365373469772, 1, True, 1425246492.491591)
(44.221471666666666, -76.484845, 186.5, 187.48884622531494, 247.0154018418382, 5.310365373469772, 1, True, 1425246492.605571)
(44.22146333333333, -76.48484333333333, 186.5, 187.581790884188, 247.0154018418382, 5.310365373469772, 1, True, 1425246492.708456)
(44.22146333333333, -76.48484333333333, 186.5, 187.581790884188, 247.0154018418382, 5.310365373469772, 1, True, 1425246492.810656)
(44.22146333333333, -76.48484333333333, 186.5, 187.581790884188, 247.0154018418382, 5.310365373469772, 1, True, 1425246492.91462)
(44.22146333333333, -76.48484333333333, 186.5, 187.581790884188, 247.0154018418382, 5.310365373469772, 1, True, 1425246493.016694)
(44.22146333333333, -76.48484333333333, 186.5, 187.581790884188, 247.0154018418382, 5.310365373469772, 1, True, 1425246493.120728)
(44.22146333333333, -76.48484333333333, 186.5, 187.581790884188, 247.0154018418382, 5.310365373469772, 1, True, 1425246493.223164)
(44.22146333333333, -76.48484333333333, 186.5, 187.581790884188, 247.0154018418382, 5.310365373469772, 1, True, 1425246493.327593)
(44.22146333333333, -76.48484333333333, 186.5, 187.581790884188, 247.0154018418382, 5.310365373469772, 1, True, 1425246493.430145)
(44.22146333333333, -76.48484333333333, 186.5, 187.581790884188, 247.0154018418382, 5.310365373469772, 1, True, 1425246493.532556)
(44.22146333333333, -76.48484333333333, 186.5, 187.581790884188, 247.0154018418382, 5.310365373469772, 1, True, 1425246493.643408)
(44.22146333333333, -76.48484333333333, 186.5, 187.581790884188, 247.0154018418382, 5.310365373469772, 1, True, 1425246493.745665)
(44.22146333333333, -76.48484333333333, 186.5, 187.581790884188, 247.0154018418382, 5.310365373469772, 1, True, 1425246493.848435)
(44.22146333333333, -76.48484333333333, 186.5, 187.581790884188, 247.0154018418382, 5.310365373469772, 1, True, 1425246493.951824)
(44.22146333333333, -76.48484333333333, 186.5, 187.581790884188, 247.0154018418382, 5.310365373469772, 1, True, 1425246494.05423)
(44.22146333333333, -76.48484333333333, 186.5, 187.581790884188, 247.0154018418382, 5.310365373469772, 1, True, 1425246494.158146)
(44.22146333333333, -76.48484333333333, 186.5, 187.581790884188, 247.0154018418382, 5.310365373469772, 1, True, 1425246494.263688)
(44.22146333333333, -76.48484333333333, 186.5, 187.581790884188, 247.0154018418382, 5.310365373469772, 1, True, 1425246494.365994)
(44.22146333333333, -76.48484333333333, 186.5, 187.581790884188, 247.0154018418382, 5.310365373469772, 1, True, 1425246494.468368)
(44.221446666666665, -76.48484166666667, 186.5, 187.72192383365967, 247.0154018418382, 5.310365373469772, 1, True, 1425246494.570352)
(44.221446666666665, -76.48484166666667, 186.5, 187.72192383365967, 247.0154018418382, 5.310365373469772, 1, True, 1425246494.699586)
(44.221446666666665, -76.48484166666667, 186.5, 187.72192383365967, 247.0154018418382, 5.310365373469772, 1, True, 1425246494.80667)
(44.221446666666665, -76.48484166666667, 186.5, 187.72192383365967, 247.0154018418382, 5.310365373469772, 1, True, 1425246494.909347)
(44.221446666666665, -76.48484166666667, 186.5, 187.72192383365967, 247.0154018418382, 5.310365373469772, 1, True, 1425246495.011662)
(44.221446666666665, -76.48484166666667, 186.5, 187.72192383365967, 247.0154018418382, 5.310365373469772, 1, True, 1425246495.116312)
(44.221446666666665, -76.48484166666667, 186.5, 187.72192383365967, 247.0154018418382, 5.310365373469772, 1, True, 1425246495.220374)
(44.221446666666665, -76.48484166666667, 186.5, 187.72192383365967, 247.0154018418382, 5.310365373469772, 1, True, 1425246495.323954)
(44.221446666666665, -76.48484166666667, 186.5, 187.72192383365967, 247.0154018418382, 5.310365373469772, 1, True, 1425246495.426667)
(44.22144, -76.48484333333333, 186.5, 187.70994205397523, 247.0154018418382, 5.310365373469772, 1, True, 1425246495.535311)
(44.22144, -76.48484333333333, 186.5, 187.70994205397523, 247.0154018418382, 5.310365373469772, 1, True, 1425246495.637693)
(44.22144, -76.48484333333333, 186.5, 187.70994205397523, 247.0154018418382, 5.310365373469772, 1, True, 1425246495.748512)
(44.22144, -76.48484333333333, 186.5, 187.70994205397523, 247.0154018418382, 5.310365373469772, 1, True, 1425246495.850713)
(44.22144, -76.48484333333333, 186.5, 187.70994205397523, 247.0154018418382, 5.310365373469772, 1, True, 1425246495.954463)
(44.22144, -76.48484333333333, 186.5, 187.70994205397523, 247.0154018418382, 5.310365373469772, 1, True, 1425246496.057203)
(44.22144, -76.48484333333333, 186.5, 187.70994205397523, 247.0154018418382, 5.310365373469772, 1, True, 1425246496.160018)
(44.22144, -76.48484333333333, 186.5, 187.70994205397523, 247.0154018418382, 5.310365373469772, 1, True, 1425246496.263971)
(44.22144, -76.48484333333333, 186.5, 187.70994205397523, 247.0154018418382, 5.310365373469772, 1, True, 1425246496.366022)
(44.22144, -76.48484333333333, 186.5, 187.70994205397523, 247.0154018418382, 5.310365373469772, 1, True, 1425246496.468309)
(44.22144, -76.48484333333333, 186.5, 187.70994205397523, 247.0154018418382, 5.310365373469772, 1, True, 1425246496.572389)
(44.22144, -76.48484333333333, 186.5, 187.70994205397523, 247.0154018418382, 5.310365373469772, 1, True, 1425246496.675108)
(44.22144, -76.48484333333333, 186.5, 187.70994205397523, 247.0154018418382, 5.310365373469772, 1, True, 1425246496.7912)
(44.22144, -76.48484333333333, 186.5, 187.70994205397523, 247.0154018418382, 5.310365373469772, 1, True, 1425246496.893785)
(44.22144, -76.48484333333333, 186.5, 187.70994205397523, 247.0154018418382, 5.310365373469772, 1, True, 1425246496.995771)
(44.22144, -76.48484333333333, 186.5, 187.70994205397523, 247.0154018418382, 5.310365373469772, 1, True, 1425246497.09935)
(44.22144, -76.48484333333333, 186.5, 187.70994205397523, 247.0154018418382, 5.310365373469772, 1, True, 1425246497.201865)
(44.22144, -76.48484333333333, 186.5, 187.70994205397523, 247.0154018418382, 5.310365373469772, 1, True, 1425246497.305603)
(44.22144, -76.48484333333333, 186.5, 187.70994205397523, 247.0154018418382, 5.310365373469772, 1, True, 1425246497.407704)
(44.22144, -76.48484333333333, 186.5, 187.70994205397523, 247.0154018418382, 5.310365373469772, 1, True, 1425246497.51223)
(44.221423333333334, -76.48484166666667, 186.5, 187.85399835957656, 247.0154018418382, 5.310365373469772, 1, True, 1425246497.614523)
(44.221423333333334, -76.48484166666667, 186.5, 187.85399835957656, 247.0154018418382, 5.310365373469772, 1, True, 1425246497.719956)
(44.221423333333334, -76.48484166666667, 186.5, 187.85399835957656, 247.0154018418382, 5.310365373469772, 1, True, 1425246497.836719)
(44.221423333333334, -76.48484166666667, 186.5, 187.85399835957656, 247.0154018418382, 5.310365373469772, 1, True, 1425246497.939121)
(44.221423333333334, -76.48484166666667, 186.5, 187.85399835957656, 247.0154018418382, 5.310365373469772, 1, True, 1425246498.044956)
(44.221423333333334, -76.48484166666667, 186.5, 187.85399835957656, 247.0154018418382, 5.310365373469772, 1, True, 1425246498.147606)
(44.221423333333334, -76.48484166666667, 186.5, 187.85399835957656, 247.0154018418382, 5.310365373469772, 1, True, 1425246498.249704)
(44.221423333333334, -76.48484166666667, 186.5, 187.85399835957656, 247.0154018418382, 5.310365373469772, 1, True, 1425246498.35425)
(44.221423333333334, -76.48484166666667, 186.5, 187.85399835957656, 247.0154018418382, 5.310365373469772, 1, True, 1425246498.457751)
(44.22141333333333, -76.48483666666667, 186.5, 188.0625437054955, 247.0154018418382, 5.310365373469772, 1, True, 1425246498.559905)
(44.22141333333333, -76.48483666666667, 186.5, 188.0625437054955, 247.0154018418382, 5.310365373469772, 1, True, 1425246498.662173)
(44.22141333333333, -76.48483666666667, 186.5, 188.0625437054955, 247.0154018418382, 5.310365373469772, 1, True, 1425246498.765072)
(44.22141333333333, -76.48483666666667, 186.5, 188.0625437054955, 247.0154018418382, 5.310365373469772, 1, True, 1425246498.880584)
(44.22141333333333, -76.48483666666667, 186.5, 188.0625437054955, 247.0154018418382, 5.310365373469772, 1, True, 1425246498.983047)
(44.22141333333333, -76.48483666666667, 186.5, 188.0625437054955, 247.0154018418382, 5.310365373469772, 1, True, 1425246499.085109)
(44.22141333333333, -76.48483666666667, 186.5, 188.0625437054955, 247.0154018418382, 5.310365373469772, 1, True, 1425246499.190545)
(44.22141333333333, -76.48483666666667, 186.5, 188.0625437054955, 247.0154018418382, 5.310365373469772, 1, True, 1425246499.292438)
(44.22141333333333, -76.48483666666667, 186.5, 188.0625437054955, 247.0154018418382, 5.310365373469772, 1, True, 1425246499.396339)
(44.22141333333333, -76.48483666666667, 186.5, 188.0625437054955, 247.0154018418382, 5.310365373469772, 1, True, 1425246499.501504)
(44.22141333333333, -76.48483666666667, 186.5, 188.0625437054955, 247.0154018418382, 5.310365373469772, 1, True, 1425246499.603698)
(44.22141333333333, -76.48483666666667, 186.5, 188.0625437054955, 247.0154018418382, 5.310365373469772, 1, True, 1425246499.706367)
(44.22141333333333, -76.48483666666667, 186.5, 188.0625437054955, 247.0154018418382, 5.310365373469772, 1, True, 1425246499.808434)
(44.22141333333333, -76.48483666666667, 186.5, 188.0625437054955, 247.0154018418382, 5.310365373469772, 1, True, 1425246499.922161)
(44.22141333333333, -76.48483666666667, 186.5, 188.0625437054955, 247.0154018418382, 5.310365373469772, 1, True, 1425246500.024719)
(44.22141333333333, -76.48483666666667, 186.5, 188.0625437054955, 247.0154018418382, 5.310365373469772, 1, True, 1425246500.127286)
(44.22141333333333, -76.48483666666667, 186.5, 188.0625437054955, 247.0154018418382, 5.310365373469772, 1, True, 1425246500.231772)
(44.22141333333333, -76.48483666666667, 186.5, 188.0625437054955, 247.0154018418382, 5.310365373469772, 1, True, 1425246500.3339)
(44.22141333333333, -76.48483666666667, 186.5, 188.0625437054955, 247.0154018418382, 5.310365373469772, 1, True, 1425246500.440676)
(44.22141333333333, -76.48483666666667, 186.5, 188.0625437054955, 247.0154018418382, 5.310365373469772, 1, True, 1425246500.542618)
(44.221403333333335, -76.48484, 186.5, 188.02139274977392, 247.0154018418382, 5.310365373469772, 1, True, 1425246500.645117)
(44.221403333333335, -76.48484, 186.5, 188.02139274977392, 247.0154018418382, 5.310365373469772, 1, True, 1425246500.753238)
(44.221403333333335, -76.48484, 186.5, 188.02139274977392, 247.0154018418382, 5.310365373469772, 1, True, 1425246500.855324)
(44.221403333333335, -76.48484, 186.5, 188.02139274977392, 247.0154018418382, 5.310365373469772, 1, True, 1425246500.9671)
(44.221403333333335, -76.48484, 186.5, 188.02139274977392, 247.0154018418382, 5.310365373469772, 1, True, 1425246501.069265)
(44.221403333333335, -76.48484, 186.5, 188.02139274977392, 247.0154018418382, 5.310365373469772, 1, True, 1425246501.174998)
(44.221403333333335, -76.48484, 186.5, 188.02139274977392, 247.0154018418382, 5.310365373469772, 1, True, 1425246501.277005)
(44.221403333333335, -76.48484, 186.5, 188.02139274977392, 247.0154018418382, 5.310365373469772, 1, True, 1425246501.379203)
(44.221403333333335, -76.48484, 186.5, 188.02139274977392, 247.0154018418382, 5.310365373469772, 1, True, 1425246501.486471)
(44.221403333333335, -76.48484, 186.5, 188.02139274977392, 247.0154018418382, 5.310365373469772, 1, True, 1425246501.589285)
(44.22139333333333, -76.48484333333333, 186.5, 187.9796085119217, 247.0154018418382, 5.310365373469772, 1, True, 1425246501.691741)
(44.22139333333333, -76.48484333333333, 186.5, 187.9796085119217, 247.0154018418382, 5.310365373469772, 1, True, 1425246501.795006)
(44.22139333333333, -76.48484333333333, 186.5, 187.9796085119217, 247.0154018418382, 5.310365373469772, 1, True, 1425246501.897756)
(44.22139333333333, -76.48484333333333, 186.5, 187.9796085119217, 247.0154018418382, 5.310365373469772, 1, True, 1425246502.014579)
(44.22139333333333, -76.48484333333333, 186.5, 187.9796085119217, 247.0154018418382, 5.310365373469772, 1, True, 1425246502.116598)
(44.22139333333333, -76.48484333333333, 186.5, 187.9796085119217, 247.0154018418382, 5.310365373469772, 1, True, 1425246502.218826)
(44.22139333333333, -76.48484333333333, 186.5, 187.9796085119217, 247.0154018418382, 5.310365373469772, 1, True, 1425246502.325356)
(44.22139333333333, -76.48484333333333, 186.5, 187.9796085119217, 247.0154018418382, 5.310365373469772, 1, True, 1425246502.427476)
(44.22139333333333, -76.48484333333333, 186.5, 187.9796085119217, 247.0154018418382, 5.310365373469772, 1, True, 1425246502.533723)
(44.22139333333333, -76.48484333333333, 186.5, 187.9796085119217, 247.0154018418382, 5.310365373469772, 1, True, 1425246502.635802)
(44.22139333333333, -76.48484333333333, 186.5, 187.9796085119217, 247.0154018418382, 5.310365373469772, 1, True, 1425246502.738092)
(44.22139333333333, -76.48484333333333, 186.5, 187.9796085119217, 247.0154018418382, 5.310365373469772, 1, True, 1425246502.843003)
(44.22139333333333, -76.48484333333333, 186.5, 187.9796085119217, 247.0154018418382, 5.310365373469772, 1, True, 1425246502.945065)
(44.22139333333333, -76.48484333333333, 186.5, 187.9796085119217, 247.0154018418382, 5.310365373469772, 1, True, 1425246503.055724)
(44.22139333333333, -76.48484333333333, 186.5, 187.9796085119217, 247.0154018418382, 5.310365373469772, 1, True, 1425246503.157949)
(44.22139333333333, -76.48484333333333, 186.5, 187.9796085119217, 247.0154018418382, 5.310365373469772, 1, True, 1425246503.262588)
(44.22139333333333, -76.48484333333333, 186.5, 187.9796085119217, 247.0154018418382, 5.310365373469772, 1, True, 1425246503.364783)
(44.22139333333333, -76.48484333333333, 186.5, 187.9796085119217, 247.0154018418382, 5.310365373469772, 1, True, 1425246503.472697)
(44.22139333333333, -76.48484333333333, 186.5, 187.9796085119217, 247.0154018418382, 5.310365373469772, 1, True, 1425246503.576704)
(44.221383333333335, -76.484855, 186.5, 187.6802670941288, 247.0154018418382, 5.310365373469772, 1, True, 1425246503.678844)
(44.221383333333335, -76.484855, 186.5, 187.6802670941288, 247.0154018418382, 5.310365373469772, 1, True, 1425246503.783111)
(44.221383333333335, -76.484855, 186.5, 187.6802670941288, 247.0154018418382, 5.310365373469772, 1, True, 1425246503.885457)
(44.221383333333335, -76.484855, 186.5, 187.6802670941288, 247.0154018418382, 5.310365373469772, 1, True, 1425246503.987715)
(44.221383333333335, -76.484855, 186.5, 187.6802670941288, 247.0154018418382, 5.310365373469772, 1, True, 1425246504.09837)
(44.221383333333335, -76.484855, 186.5, 187.6802670941288, 247.0154018418382, 5.310365373469772, 1, True, 1425246504.200836)
(44.221383333333335, -76.484855, 186.5, 187.6802670941288, 247.0154018418382, 5.310365373469772, 1, True, 1425246504.303413)
(44.221383333333335, -76.484855, 186.5, 187.6802670941288, 247.0154018418382, 5.310365373469772, 1, True, 1425246504.405613)
(44.221383333333335, -76.484855, 186.5, 187.6802670941288, 247.0154018418382, 5.310365373469772, 1, True, 1425246504.5077)
(44.221383333333335, -76.484855, 186.5, 187.6802670941288, 247.0154018418382, 5.310365373469772, 1, True, 1425246504.613952)
(44.221378333333334, -76.484855, 186.5, 187.70939971527076, 247.0154018418382, 5.310365373469772, 1, True, 1425246504.720776)
(44.221378333333334, -76.484855, 186.5, 187.70939971527076, 247.0154018418382, 5.310365373469772, 1, True, 1425246504.82731)
(44.221378333333334, -76.484855, 186.5, 187.70939971527076, 247.0154018418382, 5.310365373469772, 1, True, 1425246504.929253)
(44.221378333333334, -76.484855, 186.5, 187.70939971527076, 247.0154018418382, 5.310365373469772, 1, True, 1425246505.031751)
(44.221378333333334, -76.484855, 186.5, 187.70939971527076, 247.0154018418382, 5.310365373469772, 1, True, 1425246505.148359)
(44.221378333333334, -76.484855, 186.5, 187.70939971527076, 247.0154018418382, 5.310365373469772, 1, True, 1425246505.250747)
(44.221378333333334, -76.484855, 186.5, 187.70939971527076, 247.0154018418382, 5.310365373469772, 1, True, 1425246505.356133)
(44.221378333333334, -76.484855, 186.5, 187.70939971527076, 247.0154018418382, 5.310365373469772, 1, True, 1425246505.458249)
(44.221378333333334, -76.484855, 186.5, 187.70939971527076, 247.0154018418382, 5.310365373469772, 1, True, 1425246505.560172)
(44.221378333333334, -76.484855, 186.5, 187.70939971527076, 247.0154018418382, 5.310365373469772, 1, True, 1425246505.667339)
(44.221378333333334, -76.484855, 186.5, 187.70939971527076, 247.0154018418382, 5.310365373469772, 1, True, 1425246505.76983)
(44.221378333333334, -76.484855, 186.5, 187.70939971527076, 247.0154018418382, 5.310365373469772, 1, True, 1425246505.871946)
(44.221378333333334, -76.484855, 186.5, 187.70939971527076, 247.0154018418382, 5.310365373469772, 1, True, 1425246505.974012)
(44.221378333333334, -76.484855, 186.5, 187.70939971527076, 247.0154018418382, 5.310365373469772, 1, True, 1425246506.079314)
(44.221378333333334, -76.484855, 186.5, 187.70939971527076, 247.0154018418382, 5.310365373469772, 1, True, 1425246506.189764)
(44.221378333333334, -76.484855, 186.5, 187.70939971527076, 247.0154018418382, 5.310365373469772, 1, True, 1425246506.292977)
(44.221378333333334, -76.484855, 186.5, 187.70939971527076, 247.0154018418382, 5.310365373469772, 1, True, 1425246506.395421)
(44.22136833333333, -76.48485333333333, 186.5, 187.82031085331326, 247.0154018418382, 5.310365373469772, 1, True, 1425246506.497377)
(44.22136833333333, -76.48485333333333, 186.5, 187.82031085331326, 247.0154018418382, 5.310365373469772, 1, True, 1425246506.605511)
(44.22136833333333, -76.48485333333333, 186.5, 187.82031085331326, 247.0154018418382, 5.310365373469772, 1, True, 1425246506.709741)
(44.22136833333333, -76.48485333333333, 186.5, 187.82031085331326, 247.0154018418382, 5.310365373469772, 1, True, 1425246506.812512)
(44.22136833333333, -76.48485333333333, 186.5, 187.82031085331326, 247.0154018418382, 5.310365373469772, 1, True, 1425246506.914891)
(44.22136833333333, -76.48485333333333, 186.5, 187.82031085331326, 247.0154018418382, 5.310365373469772, 1, True, 1425246507.021577)
(44.22136833333333, -76.48485333333333, 186.5, 187.82031085331326, 247.0154018418382, 5.310365373469772, 1, True, 1425246507.124052)
(44.22136833333333, -76.48485333333333, 186.5, 187.82031085331326, 247.0154018418382, 5.310365373469772, 1, True, 1425246507.234839)
(44.22136833333333, -76.48485333333333, 186.5, 187.82031085331326, 247.0154018418382, 5.310365373469772, 1, True, 1425246507.337115)
(44.22136833333333, -76.48485333333333, 186.5, 187.82031085331326, 247.0154018418382, 5.310365373469772, 1, True, 1425246507.439201)
(44.221356666666665, -76.48485, 186.5, 187.99549482586323, 247.0154018418382, 5.310365373469772, 1, True, 1425246507.541421)
(44.221356666666665, -76.48485, 186.5, 187.99549482586323, 247.0154018418382, 5.310365373469772, 1, True, 1425246507.643508)
(44.221356666666665, -76.48485, 186.5, 187.99549482586323, 247.0154018418382, 5.310365373469772, 1, True, 1425246507.74959)
(44.221356666666665, -76.48485, 186.5, 187.99549482586323, 247.0154018418382, 5.310365373469772, 1, True, 1425246507.854652)
(44.221356666666665, -76.48485, 186.5, 187.99549482586323, 247.0154018418382, 5.310365373469772, 1, True, 1425246507.956761)
(44.221356666666665, -76.48485, 186.5, 187.99549482586323, 247.0154018418382, 5.310365373469772, 1, True, 1425246508.059485)
(44.221356666666665, -76.48485, 186.5, 187.99549482586323, 247.0154018418382, 5.310365373469772, 1, True, 1425246508.161771)
(44.221356666666665, -76.48485, 186.5, 187.99549482586323, 247.0154018418382, 5.310365373469772, 1, True, 1425246508.274123)
(44.221356666666665, -76.48485, 186.5, 187.99549482586323, 247.0154018418382, 5.310365373469772, 1, True, 1425246508.379512)
(44.221356666666665, -76.48485, 186.5, 187.99549482586323, 247.0154018418382, 5.310365373469772, 1, True, 1425246508.481796)
(44.221356666666665, -76.48485, 186.5, 187.99549482586323, 247.0154018418382, 5.310365373469772, 1, True, 1425246508.583737)
(44.221356666666665, -76.48485, 186.5, 187.99549482586323, 247.0154018418382, 5.310365373469772, 1, True, 1425246508.688865)
(44.221356666666665, -76.48485, 186.5, 187.99549482586323, 247.0154018418382, 5.310365373469772, 1, True, 1425246508.791654)
(44.221356666666665, -76.48485, 186.5, 187.99549482586323, 247.0154018418382, 5.310365373469772, 1, True, 1425246508.893745)
(44.221356666666665, -76.48485, 186.5, 187.99549482586323, 247.0154018418382, 5.310365373469772, 1, True, 1425246509.002575)
(44.221356666666665, -76.48485, 186.5, 187.99549482586323, 247.0154018418382, 5.310365373469772, 1, True, 1425246509.10485)
(44.221356666666665, -76.48485, 186.5, 187.99549482586323, 247.0154018418382, 5.310365373469772, 1, True, 1425246509.207792)
(44.221356666666665, -76.48485, 186.5, 187.99549482586323, 247.0154018418382, 5.310365373469772, 1, True, 1425246509.313566)
(44.221356666666665, -76.48485, 186.5, 187.99549482586323, 247.0154018418382, 5.310365373469772, 1, True, 1425246509.418577)
(44.221356666666665, -76.48485, 186.5, 187.99549482586323, 247.0154018418382, 5.310365373469772, 1, True, 1425246509.520739)
(44.221345, -76.48487, 186.5, 187.43266001734702, 247.0154018418382, 5.310365373469772, 1, True, 1425246509.622781)
(44.221345, -76.48487, 186.5, 187.43266001734702, 247.0154018418382, 5.310365373469772, 1, True, 1425246509.72576)
(44.221345, -76.48487, 186.5, 187.43266001734702, 247.0154018418382, 5.310365373469772, 1, True, 1425246509.835743)
(44.221345, -76.48487, 186.5, 187.43266001734702, 247.0154018418382, 5.310365373469772, 1, True, 1425246509.938356)
(44.221345, -76.48487, 186.5, 187.43266001734702, 247.0154018418382, 5.310365373469772, 1, True, 1425246510.041076)
(44.221345, -76.48487, 186.5, 187.43266001734702, 247.0154018418382, 5.310365373469772, 1, True, 1425246510.143988)
(44.221345, -76.48487, 186.5, 187.43266001734702, 247.0154018418382, 5.310365373469772, 1, True, 1425246510.247034)
(44.221345, -76.48487, 62.4, 187.43266001734702, 247.0154018418382, 5.310365373469772, 1, True, 1425246510.352741)
(44.221345, -76.48487, 62.4, 187.43266001734702, 247.0154018418382, 5.310365373469772, 1, True, 1425246510.454752)
(44.221345, -76.48487, 62.4, 187.43266001734702, 247.0154018418382, 5.310365373469772, 1, True, 1425246510.557026)
(44.22134166666667, -76.484875, 62.4, 183.3192086503883, 228.3192086503883, 2.7672657124252904, 1, True, 1425246510.659104)
(44.22134166666667, -76.484875, 62.4, 183.3192086503883, 228.3192086503883, 2.7672657124252904, 1, True, 1425246510.761685)
(44.22134166666667, -76.484875, 62.4, 183.3192086503883, 228.3192086503883, 2.7672657124252904, 1, True, 1425246510.864941)
(44.22134166666667, -76.484875, 62.4, 183.3192086503883, 228.3192086503883, 2.7672657124252904, 1, True, 1425246510.967404)
(44.22134166666667, -76.484875, 62.4, 183.3192086503883, 228.3192086503883, 2.7672657124252904, 1, True, 1425246511.073588)
(44.22134166666667, -76.484875, 62.4, 183.3192086503883, 228.3192086503883, 2.7672657124252904, 1, True, 1425246511.175678)
(44.22134166666667, -76.484875, 62.4, 138.61973120905373, 183.61973120905373, 1.8428640330446822, 1, True, 1425246511.277952)
(44.22134166666667, -76.484875, 62.4, 138.61973120905373, 183.61973120905373, 1.8428640330446822, 1, True, 1425246511.385734)
(44.22134166666667, -76.484875, 62.4, 138.61973120905373, 183.61973120905373, 1.8428640330446822, 1, True, 1425246511.489653)
(44.22134166666667, -76.484875, 62.4, 138.61973120905373, 183.61973120905373, 1.8428640330446822, 1, True, 1425246511.592379)
(44.22134166666667, -76.484875, 62.4, 138.61973120905373, 183.61973120905373, 1.8428640330446822, 1, True, 1425246511.695083)
(44.22134166666667, -76.484875, 62.4, 138.61973120905373, 183.61973120905373, 1.8428640330446822, 1, True, 1425246511.797673)
(44.22134166666667, -76.484875, 62.4, 138.61973120905373, 183.61973120905373, 1.8428640330446822, 1, True, 1425246511.902372)
(44.22134166666667, -76.484875, 62.4, 138.61973120905373, 183.61973120905373, 1.8428640330446822, 1, True, 1425246512.004819)
(44.22134166666667, -76.484875, 62.4, 138.61973120905373, 183.61973120905373, 1.8428640330446822, 1, True, 1425246512.110067)
(44.22134166666667, -76.484875, 62.4, 138.61973120905373, 183.61973120905373, 1.8428640330446822, 1, True, 1425246512.2123)
(44.22134166666667, -76.484875, 62.4, 138.61973120905373, 183.61973120905373, 1.8428640330446822, 1, True, 1425246512.314419)
(44.22134166666667, -76.484875, 62.4, 138.61973120905373, 183.61973120905373, 1.8428640330446822, 1, True, 1425246512.424808)
(44.22134166666667, -76.484875, 62.4, 138.61973120905373, 183.61973120905373, 1.8428640330446822, 1, True, 1425246512.52679)
(44.221335, -76.484885, 62.4, 138.61973120905373, 183.61973120905373, 1.8428640330446822, 1, True, 1425246512.628996)
(44.221335, -76.484885, 62.4, 138.61973120905373, 183.61973120905373, 1.8428640330446822, 1, True, 1425246512.731505)
(44.221335, -76.484885, 62.4, 138.61973120905373, 183.61973120905373, 1.8428640330446822, 1, True, 1425246512.838316)
(44.221335, -76.484885, 62.4, 138.61973120905373, 183.61973120905373, 1.8428640330446822, 1, True, 1425246512.941779)
(44.221335, -76.484885, 62.4, 138.61973120905373, 183.61973120905373, 1.8428640330446822, 1, True, 1425246513.044144)
(44.221335, -76.484885, 62.4, 138.61973120905373, 183.61973120905373, 1.8428640330446822, 1, True, 1425246513.146319)
(44.221335, -76.484885, 62.4, 138.61973120905373, 183.61973120905373, 1.8428640330446822, 1, True, 1425246513.252524)
(44.221335, -76.484885, 127.5, 138.61973120905373, 183.61973120905373, 1.8428640330446822, 1, True, 1425246513.354762)
(44.221335, -76.484885, 127.5, 138.61973120905373, 183.61973120905373, 1.8428640330446822, 1, True, 1425246513.462979)
(44.221335, -76.484885, 127.5, 138.61973120905373, 183.61973120905373, 1.8428640330446822, 1, True, 1425246513.565598)
(44.22133, -76.4849, 127.5, 165.9644289938688, 210.9644289938688, 2.358862917334606, 1, True, 1425246513.667818)
(44.22133, -76.4849, 127.5, 165.9644289938688, 210.9644289938688, 2.358862917334606, 1, True, 1425246513.771141)
(44.22133, -76.4849, 127.5, 165.9644289938688, 210.9644289938688, 2.358862917334606, 1, True, 1425246513.873755)
(44.22133, -76.4849, 127.5, 165.9644289938688, 210.9644289938688, 2.358862917334606, 1, True, 1425246513.977099)
(44.22133, -76.4849, 127.5, 165.9644289938688, 210.9644289938688, 2.358862917334606, 1, True, 1425246514.079207)
(44.22133, -76.4849, 127.5, 165.9644289938688, 210.9644289938688, 2.358862917334606, 1, True, 1425246514.181643)
(44.22133, -76.4849, 127.5, 165.9644289938688, 210.9644289938688, 2.358862917334606, 1, True, 1425246514.284217)
(44.22133, -76.4849, 127.5, 186.55297867890005, 234.04622746148476, 2.703688694418116, 1, True, 1425246514.386433)
(44.22133, -76.4849, 127.5, 186.55297867890005, 234.04622746148476, 2.703688694418116, 1, False, 1425246514.497518)
(44.22133, -76.4849, 127.5, 186.55297867890005, 234.04622746148476, 2.703688694418116, 1, False, 1425246514.599728)
(44.22133, -76.4849, 127.5, 186.55297867890005, 234.04622746148476, 2.703688694418116, 1, False, 1425246514.702895)
(44.22133, -76.4849, 127.5, 186.55297867890005, 234.04622746148476, 2.703688694418116, 1, False, 1425246514.80874)
(44.22133, -76.4849, 127.5, 186.55297867890005, 234.04622746148476, 2.703688694418116, 1, False, 1425246514.912563)
(44.22133, -76.4849, 127.5, 186.55297867890005, 234.04622746148476, 2.703688694418116, 1, False, 1425246515.015269)
(44.22133, -76.4849, 214.7, 186.55297867890005, 250.03198761960346, 3.353259286767712, 1, False, 1425246515.117248)
(44.22133, -76.4849, 214.7, 186.55297867890005, 250.03198761960346, 3.353259286767712, 1, False, 1425246515.219314)
(44.22133, -76.4849, 214.7, 186.55297867890005, 250.03198761960346, 3.353259286767712, 1, False, 1425246515.325234)
(44.22133, -76.4849, 214.7, 186.55297867890005, 250.03198761960346, 3.353259286767712, 1, False, 1425246515.427006)
(44.22133, -76.4849, 214.7, 186.55297867890005, 250.03198761960346, 3.353259286767712, 1, False, 1425246515.53556)
(44.22133, -76.4849, 214.7, 186.55297867890005, 250.03198761960346, 3.353259286767712, 1, False, 1425246515.638475)
(44.22133, -76.484915, 214.7, 186.06774369942875, 250.03198761960346, 3.353259286767712, 1, False, 1425246515.740729)
(44.22133, -76.484915, 214.7, 186.06774369942875, 250.03198761960346, 3.353259286767712, 1, False, 1425246515.843301)
(44.22133, -76.484915, 214.7, 186.06774369942875, 250.03198761960346, 3.353259286767712, 1, False, 1425246515.945498)
(44.22133, -76.484915, 214.7, 186.06774369942875, 250.03198761960346, 3.353259286767712, 1, False, 1425246516.048661)
(44.22133, -76.484915, 214.7, 186.06774369942875, 250.03198761960346, 3.353259286767712, 1, False, 1425246516.150809)
(44.22133, -76.484915, 214.7, 186.06774369942875, 250.03198761960346, 3.353259286767712, 1, False, 1425246516.252818)
(44.22133, -76.484915, 214.7, 186.06774369942875, 250.03198761960346, 3.353259286767712, 1, False, 1425246516.357985)
(44.22133, -76.484915, 212.4, 186.06774369942875, 250.03198761960346, 3.353259286767712, 1, True, 1425246516.460175)
(44.22133, -76.484915, 212.4, 186.06774369942875, 250.03198761960346, 3.353259286767712, 1, True, 1425246516.570985)
(44.22133, -76.484915, 212.4, 186.06774369942875, 250.03198761960346, 3.353259286767712, 1, True, 1425246516.673162)
(44.22133, -76.48492, 212.4, 185.90580088688753, 255.53474519991732, 4.152568529210835, 1, True, 1425246516.775488)
(44.22133, -76.48492, 212.4, 185.90580088688753, 255.53474519991732, 4.152568529210835, 1, True, 1425246516.877994)
(44.22133, -76.48492, 212.4, 185.90580088688753, 255.53474519991732, 4.152568529210835, 1, True, 1425246516.98013)
(44.22133, -76.48492, 212.4, 185.90580088688753, 255.53474519991732, 4.152568529210835, 1, True, 1425246517.083332)
(44.22133, -76.48492, 212.4, 185.90580088688753, 255.53474519991732, 4.152568529210835, 1, True, 1425246517.185177)
(44.22133, -76.48492, 212.4, 185.90580088688753, 255.53474519991732, 4.152568529210835, 1, True, 1425246517.289819)
(44.22133, -76.48492, 212.4, 185.90580088688753, 255.53474519991732, 4.152568529210835, 1, True, 1425246517.392161)
(44.22133, -76.48492, 212.4, 185.90580088688753, 258.7329659276419, 4.4538183449900615, 1, True, 1425246517.494325)
(44.22133, -76.48492, 212.4, 185.90580088688753, 258.7329659276419, 4.4538183449900615, 1, True, 1425246517.605756)
(44.22133, -76.48492, 212.4, 185.90580088688753, 258.7329659276419, 4.4538183449900615, 1, True, 1425246517.708214)
(44.22133, -76.48492, 212.4, 185.90580088688753, 259.88856415075225, 4.495605610368096, 1, True, 1425246517.81051)
(44.22133, -76.48492, 212.4, 185.90580088688753, 259.88856415075225, 4.495605610368096, 1, True, 1425246517.917322)
(44.22133, -76.48492, 212.4, 185.90580088688753, 259.88856415075225, 4.495605610368096, 1, True, 1425246518.019893)
(44.22133, -76.48492, 190.8, 185.90580088688753, 259.88856415075225, 4.495605610368096, 1, True, 1425246518.122709)
(44.22133, -76.48492, 190.8, 185.90580088688753, 261.12951241147186, 4.5545377956485265, 1, True, 1425246518.224894)
(44.22133, -76.48492, 190.8, 185.90580088688753, 261.12951241147186, 4.5545377956485265, 1, True, 1425246518.328289)
(44.22133, -76.48492, 190.8, 185.90580088688753, 261.12951241147186, 4.5545377956485265, 1, True, 1425246518.43093)
(44.22133, -76.48492, 190.8, 185.90580088688753, 261.12951241147186, 4.5545377956485265, 1, True, 1425246518.532977)
(44.22133, -76.48492, 190.8, 185.90580088688753, 261.12951241147186, 4.5545377956485265, 1, True, 1425246518.64037)
(44.22133, -76.48492, 190.8, 185.90580088688753, 261.12951241147186, 4.5545377956485265, 1, True, 1425246518.742297)
(44.22133, -76.48491833333334, 190.8, 185.95979247549968, 261.12951241147186, 4.5545377956485265, 1, True, 1425246518.844599)
(44.22133, -76.48491833333334, 190.8, 185.95979247549968, 261.12951241147186, 4.5545377956485265, 1, True, 1425246518.946667)
(44.22133, -76.48491833333334, 190.8, 185.95979247549968, 261.12951241147186, 4.5545377956485265, 1, True, 1425246519.052127)
(44.22133, -76.48491833333334, 190.8, 185.95979247549968, 261.12951241147186, 4.5545377956485265, 1, True, 1425246519.154848)
(44.22133, -76.48491833333334, 190.8, 185.95979247549968, 261.12951241147186, 4.5545377956485265, 1, True, 1425246519.257841)
(44.22133, -76.48491833333334, 190.8, 185.95979247549968, 261.12951241147186, 4.5545377956485265, 1, True, 1425246519.360723)
(44.22133, -76.48491833333334, 190.8, 185.95979247549968, 261.12951241147186, 4.5545377956485265, 1, True, 1425246519.462855)
(44.22133, -76.48491833333334, 195.8, 185.95979247549968, 261.12951241147186, 4.5545377956485265, 1, True, 1425246519.565017)
(44.22133, -76.48491833333334, 195.8, 185.95979247549968, 261.12951241147186, 4.5545377956485265, 1, True, 1425246519.680888)
(44.22133, -76.48491833333334, 195.8, 185.95979247549968, 261.12951241147186, 4.5545377956485265, 1, True, 1425246519.789822)
(44.22133, -76.48491833333334, 195.8, 185.95979247549968, 260.7580128095477, 4.9879907376211765, 1, True, 1425246519.892269)
(44.22133, -76.48491833333334, 195.8, 185.95979247549968, 260.7580128095477, 4.9879907376211765, 1, True, 1425246520.003549)
(44.22133, -76.48491833333334, 195.8, 185.95979247549968, 260.7580128095477, 4.9879907376211765, 1, True, 1425246520.106248)
(44.22133, -76.48491833333334, 195.8, 185.95979247549968, 260.7580128095477, 4.9879907376211765, 1, True, 1425246520.209162)
(44.22133, -76.48491833333334, 195.8, 185.95979247549968, 260.1666372700786, 5.261040628463181, 1, True, 1425246520.311506)
(44.22133, -76.48491833333334, 195.8, 185.95979247549968, 260.1666372700786, 5.261040628463181, 1, True, 1425246520.414004)
(44.22133, -76.48491833333334, 195.8, 185.95979247549968, 260.1666372700786, 5.261040628463181, 1, True, 1425246520.519642)
(44.22133, -76.48491833333334, 195.8, 185.95979247549968, 260.1666372700786, 5.261040628463181, 1, True, 1425246520.622015)
(44.22133, -76.48491833333334, 195.8, 185.95979247549968, 260.1666372700786, 5.261040628463181, 1, True, 1425246520.731689)
(44.22133, -76.48491833333334, 195.8, 185.95979247549968, 260.1666372700786, 5.261040628463181, 1, True, 1425246520.833682)
(44.22133, -76.48491833333334, 192.4, 185.95979247549968, 260.1666372700786, 5.261040628463181, 1, True, 1425246520.936434)
(44.22133, -76.48491833333334, 192.4, 185.95979247549968, 260.1666372700786, 5.261040628463181, 1, True, 1425246521.038567)
(44.22133, -76.48491833333334, 192.4, 185.95979247549968, 260.1666372700786, 5.261040628463181, 1, True, 1425246521.140913)
(44.22133, -76.48491833333334, 192.4, 185.95979247549968, 262.34437874498616, 5.294012891647684, 1, True, 1425246521.243881)
(44.22133, -76.48491833333334, 192.4, 185.95979247549968, 262.34437874498616, 5.294012891647684, 1, True, 1425246521.346105)
(44.22133, -76.48491833333334, 192.4, 185.95979247549968, 262.34437874498616, 5.294012891647684, 1, True, 1425246521.44917)
(44.22133, -76.48491833333334, 192.4, 185.95979247549968, 262.34437874498616, 5.294012891647684, 1, True, 1425246521.551562)
(44.22132, -76.48490666666666, 192.4, 186.38795557453278, 262.34437874498616, 5.294012891647684, 1, True, 1425246521.653634)
(44.22132, -76.48490666666666, 192.4, 186.38795557453278, 262.34437874498616, 5.294012891647684, 1, True, 1425246521.763603)
(44.22132, -76.48490666666666, 192.4, 186.38795557453278, 262.34437874498616, 5.294012891647684, 1, True, 1425246521.865755)
(44.22132, -76.48490666666666, 192.4, 186.38795557453278, 262.34437874498616, 5.294012891647684, 1, True, 1425246521.968091)
(44.22132, -76.48490666666666, 192.4, 186.38795557453278, 262.34437874498616, 5.294012891647684, 1, True, 1425246522.070118)
(44.22132, -76.48490666666666, 192.4, 186.38795557453278, 262.34437874498616, 5.294012891647684, 1, True, 1425246522.172669)
(44.22132, -76.48490666666666, 192.4, 186.38795557453278, 262.34437874498616, 5.294012891647684, 1, True, 1425246522.275895)
(44.22132, -76.48490666666666, 197.3, 186.38795557453278, 262.34437874498616, 5.294012891647684, 1, True, 1425246522.377903)
(44.22132, -76.48490666666666, 197.3, 186.38795557453278, 262.34437874498616, 5.294012891647684, 1, True, 1425246522.483633)
(44.22132, -76.48490666666666, 197.3, 186.38795557453278, 262.34437874498616, 5.294012891647684, 1, True, 1425246522.585671)
(44.221311666666665, -76.48490166666667, 197.3, 186.59469170952286, 265.02390428612506, 5.252107624656567, 1, True, 1425246522.688044)
(44.221311666666665, -76.48490166666667, 197.3, 186.59469170952286, 265.02390428612506, 5.252107624656567, 1, True, 1425246522.794773)
(44.221311666666665, -76.48490166666667, 197.3, 186.59469170952286, 265.02390428612506, 5.252107624656567, 1, True, 1425246522.89729)
(44.221311666666665, -76.48490166666667, 197.3, 186.59469170952286, 265.02390428612506, 5.252107624656567, 1, True, 1425246522.999552)
(44.221311666666665, -76.48490166666667, 197.3, 186.59469170952286, 265.02390428612506, 5.252107624656567, 1, True, 1425246523.101614)
(44.221311666666665, -76.48490166666667, 197.3, 186.59469170952286, 265.02390428612506, 5.252107624656567, 1, True, 1425246523.206645)
(44.221311666666665, -76.48490166666667, 197.3, 186.59469170952286, 265.02390428612506, 5.252107624656567, 1, True, 1425246523.309763)
(44.221311666666665, -76.48490166666667, 197.3, 186.59469170952286, 265.02390428612506, 5.252107624656567, 1, True, 1425246523.415928)
(44.221311666666665, -76.48490166666667, 197.3, 186.59469170952286, 265.02390428612506, 5.252107624656567, 1, True, 1425246523.518197)
(44.221311666666665, -76.48490166666667, 197.3, 186.59469170952286, 265.02390428612506, 5.252107624656567, 1, True, 1425246523.6204)
(44.221311666666665, -76.48490166666667, 197.3, 186.59469170952286, 265.02390428612506, 5.252107624656567, 1, True, 1425246523.726103)
(44.221311666666665, -76.48490166666667, 197.3, 186.59469170952286, 265.02390428612506, 5.252107624656567, 1, True, 1425246523.836788)
(44.221311666666665, -76.48490166666667, 197.3, 186.59469170952286, 265.02390428612506, 5.252107624656567, 1, True, 1425246523.939018)
(44.221311666666665, -76.48490166666667, 197.3, 186.59469170952286, 265.02390428612506, 5.252107624656567, 1, True, 1425246524.041051)
(44.221311666666665, -76.48490166666667, 197.3, 186.59469170952286, 265.02390428612506, 5.252107624656567, 1, True, 1425246524.143769)
(44.221311666666665, -76.48490166666667, 197.3, 186.59469170952286, 265.02390428612506, 5.252107624656567, 1, True, 1425246524.245874)
(44.221311666666665, -76.48490166666667, 197.3, 186.59469170952286, 265.02390428612506, 5.252107624656567, 1, True, 1425246524.353227)
(44.221311666666665, -76.48490166666667, 197.3, 186.59469170952286, 265.02390428612506, 5.252107624656567, 1, True, 1425246524.455692)
(44.221293333333335, -76.48489666666667, 197.3, 186.85942210860375, 265.02390428612506, 5.252107624656567, 1, True, 1425246524.55821)
(44.221293333333335, -76.48489666666667, 197.3, 186.85942210860375, 265.02390428612506, 5.252107624656567, 1, True, 1425246524.662158)
(44.221293333333335, -76.48489666666667, 197.3, 186.85942210860375, 265.02390428612506, 5.252107624656567, 1, True, 1425246524.769452)
(44.221293333333335, -76.48489666666667, 197.3, 186.85942210860375, 265.02390428612506, 5.252107624656567, 1, True, 1425246524.880856)
(44.221293333333335, -76.48489666666667, 197.3, 186.85942210860375, 265.02390428612506, 5.252107624656567, 1, True, 1425246524.983445)
(44.221293333333335, -76.48489666666667, 197.3, 186.85942210860375, 265.02390428612506, 5.252107624656567, 1, True, 1425246525.087498)
(44.221293333333335, -76.48489666666667, 197.3, 186.85942210860375, 265.02390428612506, 5.252107624656567, 1, True, 1425246525.190082)
(44.221293333333335, -76.48489666666667, 197.3, 186.85942210860375, 265.02390428612506, 5.252107624656567, 1, True, 1425246525.292418)
(44.221293333333335, -76.48489666666667, 197.3, 186.85942210860375, 265.02390428612506, 5.252107624656567, 1, True, 1425246525.395705)
(44.221293333333335, -76.48489666666667, 197.3, 186.85942210860375, 265.02390428612506, 5.252107624656567, 1, True, 1425246525.501824)
(44.22128333333333, -76.484895, 176.5, 186.97154445254475, 264.10320146949516, 5.144813136072687, 1, True, 1425246525.604107)
(44.22128333333333, -76.484895, 176.5, 186.97154445254475, 264.10320146949516, 5.144813136072687, 1, True, 1425246525.706445)
(44.22128333333333, -76.484895, 176.5, 186.97154445254475, 264.10320146949516, 5.144813136072687, 1, True, 1425246525.808665)
(44.22128333333333, -76.484895, 176.5, 186.97154445254475, 264.10320146949516, 5.144813136072687, 1, True, 1425246525.914508)
(44.22128333333333, -76.484895, 176.5, 186.97154445254475, 264.10320146949516, 5.144813136072687, 1, True, 1425246526.017111)
(44.22128333333333, -76.484895, 176.5, 186.97154445254475, 264.10320146949516, 5.144813136072687, 1, True, 1425246526.119305)
(44.22128333333333, -76.484895, 176.5, 186.97154445254475, 264.10320146949516, 5.144813136072687, 1, True, 1425246526.221763)
(44.22128333333333, -76.484895, 176.5, 186.97154445254475, 262.3581475783065, 4.975334293840156, 1, True, 1425246526.323807)
(44.22128333333333, -76.484895, 176.5, 186.97154445254475, 262.3581475783065, 4.975334293840156, 1, True, 1425246526.428645)
(44.22128333333333, -76.484895, 176.5, 186.97154445254475, 262.3581475783065, 4.975334293840156, 1, True, 1425246526.530679)
(44.22128333333333, -76.484895, 176.5, 186.97154445254475, 262.3581475783065, 4.975334293840156, 1, True, 1425246526.632609)
(44.22128333333333, -76.484895, 176.5, 186.97154445254475, 262.3581475783065, 4.975334293840156, 1, True, 1425246526.735014)
(44.22128333333333, -76.484895, 176.5, 186.97154445254475, 262.3581475783065, 4.975334293840156, 1, True, 1425246526.837322)
(44.22128333333333, -76.484895, 176.5, 186.97154445254475, 262.3581475783065, 4.975334293840156, 1, True, 1425246526.943357)
(44.22128333333333, -76.484895, 176.5, 186.97154445254475, 262.3581475783065, 4.975334293840156, 1, True, 1425246527.048229)
(44.22128333333333, -76.484895, 176.5, 186.97154445254475, 262.3581475783065, 4.975334293840156, 1, True, 1425246527.150231)
(44.22128333333333, -76.484895, 176.5, 186.97154445254475, 262.3581475783065, 4.975334293840156, 1, True, 1425246527.252828)
(44.22128333333333, -76.484895, 176.5, 186.97154445254475, 262.3581475783065, 4.975334293840156, 1, True, 1425246527.358085)
(44.22128333333333, -76.484895, 176.5, 186.97154445254475, 262.3581475783065, 4.975334293840156, 1, True, 1425246527.461561)
(44.22128333333333, -76.484895, 176.5, 186.97154445254475, 262.3581475783065, 4.975334293840156, 1, True, 1425246527.564081)
(44.22125833333333, -76.48489, 176.5, 187.28837674389848, 262.3581475783065, 4.975334293840156, 1, True, 1425246527.666198)
(44.22125833333333, -76.48489, 176.5, 187.28837674389848, 262.3581475783065, 4.975334293840156, 1, True, 1425246527.770151)
(44.22125833333333, -76.48489, 176.5, 187.28837674389848, 262.3581475783065, 4.975334293840156, 1, True, 1425246527.87263)
(44.22125833333333, -76.48489, 176.5, 187.28837674389848, 262.3581475783065, 4.975334293840156, 1, True, 1425246527.980434)
(44.22125833333333, -76.48489, 176.5, 187.28837674389848, 262.3581475783065, 4.975334293840156, 1, True, 1425246528.082564)
(44.22125833333333, -76.48489, 176.5, 187.28837674389848, 262.3581475783065, 4.975334293840156, 1, True, 1425246528.184771)
(44.22125833333333, -76.48489, 176.5, 187.28837674389848, 262.3581475783065, 4.975334293840156, 1, True, 1425246528.289221)
(44.22125833333333, -76.48489, 176.5, 187.28837674389848, 262.3581475783065, 4.975334293840156, 1, True, 1425246528.391703)
(44.22125833333333, -76.48489, 183.4, 187.28837674389848, 262.3581475783065, 4.975334293840156, 1, True, 1425246528.494295)
(44.22125833333333, -76.48489, 183.4, 187.28837674389848, 262.3581475783065, 4.975334293840156, 1, True, 1425246528.59702)
(44.22125833333333, -76.48489, 183.4, 187.28837674389848, 262.3581475783065, 4.975334293840156, 1, True, 1425246528.698979)
(44.221245, -76.48488666666667, 183.4, 187.4857259440481, 253.21889210036505, 5.245755136978851, 1, True, 1425246528.801401)
(44.221245, -76.48488666666667, 183.4, 187.4857259440481, 253.21889210036505, 5.245755136978851, 1, True, 1425246528.903523)
(44.221245, -76.48488666666667, 183.4, 187.4857259440481, 253.21889210036505, 5.245755136978851, 1, True, 1425246529.015)
(44.221245, -76.48488666666667, 183.4, 187.4857259440481, 253.21889210036505, 5.245755136978851, 1, True, 1425246529.117241)
(44.221245, -76.48488666666667, 183.4, 187.4857259440481, 246.30844590976696, 5.390289381976861, 1, True, 1425246529.219776)
(44.221245, -76.48488666666667, 183.4, 187.4857259440481, 246.30844590976696, 5.390289381976861, 1, True, 1425246529.323431)
(44.221245, -76.48488666666667, 183.4, 187.4857259440481, 246.30844590976696, 5.390289381976861, 1, True, 1425246529.425645)
(44.221245, -76.48488666666667, 183.4, 187.4857259440481, 246.30844590976696, 5.390289381976861, 1, True, 1425246529.528748)
(44.221245, -76.48488666666667, 183.4, 187.4857259440481, 246.30844590976696, 5.390289381976861, 1, True, 1425246529.631853)
(44.221245, -76.48488666666667, 183.4, 187.4857259440481, 246.30844590976696, 5.390289381976861, 1, True, 1425246529.740242)
(44.221245, -76.48488666666667, 183.4, 187.4857259440481, 246.30844590976696, 5.390289381976861, 1, True, 1425246529.844924)
(44.221245, -76.48488666666667, 186.0, 187.4857259440481, 246.30844590976696, 5.390289381976861, 1, True, 1425246529.947416)
(44.221245, -76.48488666666667, 186.0, 187.4857259440481, 246.30844590976696, 5.390289381976861, 1, True, 1425246530.059173)
(44.221245, -76.48488666666667, 186.0, 187.4857259440481, 246.30844590976696, 5.390289381976861, 1, True, 1425246530.161275)
(44.221245, -76.48488666666667, 186.0, 187.4857259440481, 245.2840886009863, 5.541313718314251, 1, True, 1425246530.263403)
(44.221245, -76.48488666666667, 186.0, 187.4857259440481, 245.2840886009863, 5.541313718314251, 1, True, 1425246530.365744)
(44.221245, -76.48488666666667, 186.0, 187.4857259440481, 245.2840886009863, 5.541313718314251, 1, True, 1425246530.47137)
(44.221245, -76.48488666666667, 186.0, 187.4857259440481, 245.2840886009863, 5.541313718314251, 1, True, 1425246530.574317)
(44.22123, -76.48489333333333, 186.0, 187.34869198986087, 245.2840886009863, 5.541313718314251, 1, True, 1425246530.676398)
(44.22123, -76.48489333333333, 186.0, 187.34869198986087, 245.2840886009863, 5.541313718314251, 1, True, 1425246530.778413)
(44.22123, -76.48489333333333, 186.0, 187.34869198986087, 245.2840886009863, 5.541313718314251, 1, True, 1425246530.884083)
(44.22123, -76.48489333333333, 186.0, 187.34869198986087, 245.2840886009863, 5.541313718314251, 1, True, 1425246530.986191)
(44.22123, -76.48489333333333, 186.0, 187.34869198986087, 245.2840886009863, 5.541313718314251, 1, True, 1425246531.096966)
(44.22123, -76.48489333333333, 186.0, 187.34869198986087, 245.2840886009863, 5.541313718314251, 1, True, 1425246531.199006)
(44.22123, -76.48489333333333, 195.9, 187.34869198986087, 245.2840886009863, 5.541313718314251, 1, True, 1425246531.301296)
(44.22123, -76.48489333333333, 195.9, 187.34869198986087, 245.2840886009863, 5.541313718314251, 1, True, 1425246531.403607)
(44.22123, -76.48489333333333, 195.9, 187.34869198986087, 245.2840886009863, 5.541313718314251, 1, True, 1425246531.509215)
(44.22122, -76.484895, 195.9, 187.35338309396548, 245.39084937452697, 5.8588996770940405, 1, True, 1425246531.611803)
(44.22122, -76.484895, 195.9, 187.35338309396548, 245.39084937452697, 5.8588996770940405, 1, True, 1425246531.718703)
(44.22122, -76.484895, 195.9, 187.35338309396548, 245.39084937452697, 5.8588996770940405, 1, True, 1425246531.821357)
(44.22122, -76.484895, 195.9, 187.35338309396548, 245.39084937452697, 5.8588996770940405, 1, True, 1425246531.923877)
(44.22122, -76.484895, 195.9, 187.35338309396548, 245.39084937452697, 5.8588996770940405, 1, True, 1425246532.026608)
(44.22122, -76.484895, 195.9, 187.35338309396548, 245.39084937452697, 5.8588996770940405, 1, True, 1425246532.137337)
(44.22122, -76.484895, 195.9, 187.35338309396548, 245.39084937452697, 5.8588996770940405, 1, True, 1425246532.239354)
(44.22122, -76.484895, 195.9, 187.35338309396548, 244.62852948577802, 6.020091262930937, 1, True, 1425246532.341545)
(44.22122, -76.484895, 195.9, 187.35338309396548, 244.62852948577802, 6.020091262930937, 1, True, 1425246532.444092)
(44.22122, -76.484895, 195.9, 187.35338309396548, 244.62852948577802, 6.020091262930937, 1, True, 1425246532.550926)
(44.22122, -76.484895, 195.9, 187.35338309396548, 244.62852948577802, 6.020091262930937, 1, True, 1425246532.653848)
(44.22122, -76.484895, 195.9, 187.35338309396548, 244.62852948577802, 6.020091262930937, 1, True, 1425246532.763264)
(44.22122, -76.484895, 195.9, 187.35338309396548, 244.62852948577802, 6.020091262930937, 1, True, 1425246532.865993)
(44.22122, -76.484895, 195.4, 187.35338309396548, 244.62852948577802, 6.020091262930937, 1, True, 1425246532.968499)
(44.22122, -76.484895, 195.4, 187.35338309396548, 244.62852948577802, 6.020091262930937, 1, True, 1425246533.071461)
(44.22122, -76.484895, 195.4, 187.35338309396548, 244.62852948577802, 6.020091262930937, 1, True, 1425246533.180894)
(44.22122, -76.484895, 195.4, 187.35338309396548, 244.62852948577802, 6.020091262930937, 1, True, 1425246533.282909)
(44.22122, -76.484895, 195.4, 187.35338309396548, 244.05621319725418, 6.13339219307708, 1, True, 1425246533.384894)
(44.22122, -76.484895, 195.4, 187.35338309396548, 244.05621319725418, 6.13339219307708, 1, True, 1425246533.487809)
(44.22122, -76.484895, 195.4, 187.35338309396548, 244.05621319725418, 6.13339219307708, 1, True, 1425246533.589852)
(44.22121, -76.48489166666667, 195.4, 187.53616446069043, 244.05621319725418, 6.13339219307708, 1, True, 1425246533.693018)
(44.22121, -76.48489166666667, 195.4, 187.53616446069043, 244.05621319725418, 6.13339219307708, 1, True, 1425246533.796518)
(44.22121, -76.48489166666667, 195.4, 187.53616446069043, 244.05621319725418, 6.13339219307708, 1, True, 1425246533.898599)
(44.22121, -76.48489166666667, 195.4, 187.53616446069043, 244.05621319725418, 6.13339219307708, 1, True, 1425246534.001206)
(44.22121, -76.48489166666667, 195.4, 187.53616446069043, 244.05621319725418, 6.13339219307708, 1, True, 1425246534.10343)
(44.22121, -76.48489166666667, 195.4, 187.53616446069043, 244.05621319725418, 6.13339219307708, 1, True, 1425246534.213684)
(44.22121, -76.48489166666667, 195.4, 187.53616446069043, 244.05621319725418, 6