(0, -10, 0, 316.70194798219575, 230, 0, 2, False, 1425246424.832694)
(0, -10, 0, 316.70194798219575, 230, 0, 2, False, 1425246424.938893)
(0, -10, 0, 316.70194798219575, 230, 0, 2, False, 1425246425.043998)
(0, -10, 0, 316.70194798219575, 230, 0, 2, False, 1425246425.149451)
(0, -10, 0, 316.70194798219575, 230, 0, 2, False, 1425246425.260568)
(0, -10, 0, 316.70194798219575, 230, 0, 2, False, 1425246425.366067)
(0, -10, 0, 316.70194798219575, 230, 0, 2, False, 1425246425.471327)
(0, -10, 0, 316.70194798219575, 230, 0, 2, False, 1425246425.580986)
(0, -10, 0, 316.70194798219575, 230, 0, 2, False, 1425246425.686382)
(0, -10, 0, 316.70194798219575, 230, 0, 2, False, 1425246425.79179)
(0, -10, 0, 316.70194798219575, 230, 0, 2, False, 1425246425.904606)
(0, -10, 0, 316.70194798219575, 230, 0, 2, False, 1425246426.009468)
(0, -10, 0, 316.70194798219575, 230, 0, 2, False, 1425246426.115066)
(0, -10, 0, 316.70194798219575, 230, 0, 2, False, 1425246426.220213)
(0, -10, 0, 316.70194798219575, 230, 0, 2, False, 1425246426.326622)
(0, -10, 0, 316.70194798219575, 230, 0, 2, False, 1425246426.431939)
(0, -10, 0, 316.70194798219575, 230, 0, 2, False, 1425246426.537039)
(0, -10, 0, 316.70194798219575, 230, 0, 2, False, 1425246426.654179)
(0, -10, 0, 316.70194798219575, 230, 0, 2, False, 1425246426.759351)
(0, -10, 0, 316.70194798219575, 230, 0, 2, False, 1425246426.867074)
(0, -10, 0, 316.70194798219575, 230, 0, 2, False, 1425246426.975486)
(0, -10, 0, 316.70194798219575, 230, 0, 2, False, 1425246427.07972)
(0, -10, 0, 316.70194798219575, 230, 0, 2, False, 1425246427.184781)
(0, -10, 0, 316.70194798219575, 230, 0, 2, False, 1425246427.291724)
(0, -10, 0, 316.70194798219575, 230, 0, 2, False, 1425246427.396705)
(0, -10, 0, 316.70194798219575, 230, 0, 2, False, 1425246427.50169)
(0, -10, 0, 316.70194798219575, 230, 0, 2, False, 1425246427.608877)
(0, -10, 0, 316.70194798219575, 230, 0, 2, False, 1425246427.714161)
(0, -10, 0, 316.70194798219575, 230, 0, 2, False, 1425246427.819624)
(0, -10, 0, 316.70194798219575, 230, 0, 2, False, 1425246427.926854)
(0, -10, 0, 316.70194798219575, 230, 0, 2, False, 1425246428.035162)
(0, -10, 0, 316.70194798219575, 230, 0, 2, False, 1425246428.140069)
(0, -10, 0, 316.70194798219575, 230, 0, 2, False, 1425246428.245469)
(0, -10, 0, 316.70194798219575, 230, 0, 2, False, 1425246428.350989)
(0, -10, 0, 316.70194798219575, 230, 0, 2, False, 1425246428.456034)
(0, -10, 0, 316.70194798219575, 230, 0, 2, False, 1425246428.563498)
(0, -10, 0, 316.70194798219575, 230, 0, 2, False, 1425246428.668665)
(0, -10, 0, 316.70194798219575, 230, 0, 2, False, 1425246428.774286)
(0, -10, 0, 316.70194798219575, 230, 0, 2, False, 1425246428.879624)
(0, -10, 0, 316.70194798219575, 230, 0, 2, False, 1425246428.98466)
(0, -10, 0, 316.70194798219575, 230, 0, 2, False, 1425246429.09261)
(0, -10, 0, 316.70194798219575, 230, 0, 2, False, 1425246429.198745)
(0, -10, 0, 316.70194798219575, 230, 0, 2, False, 1425246429.303895)
(0, -10, 0, 316.70194798219575, 230, 0, 2, False, 1425246429.409218)
(0, -10, 0, 316.70194798219575, 230, 0, 2, False, 1425246429.514659)
(0, -10, 0, 316.70194798219575, 230, 0, 2, False, 1425246429.619609)
(0, -10, 0, 316.70194798219575, 230, 0, 2, False, 1425246429.724859)
(0, -10, 0, 316.70194798219575, 230, 0, 2, False, 1425246429.83001)
(0, -10, 0, 316.70194798219575, 230, 0, 2, False, 1425246429.935321)
(0, -10, 0, 316.70194798219575, 230, 0, 2, False, 1425246430.040486)
(0, -10, 0, 316.70194798219575, 230, 0, 2, False, 1425246430.152105)
(0, -10, 0, 316.70194798219575, 230, 0, 2, False, 1425246430.256549)
(0, -10, 0, 316.70194798219575, 230, 0, 2, False, 1425246430.362156)
(0, -10, 0, 316.70194798219575, 230, 0, 2, False, 1425246430.467227)
(0, -10, 0, 316.70194798219575, 230, 0, 2, False, 1425246430.572348)
(0, -10, 0, 316.70194798219575, 230, 0, 2, False, 1425246430.68174)
(0, -10, 0, 316.70194798219575, 230, 0, 2, False, 1425246430.795198)
(0, -10, 0, 316.70194798219575, 230, 0, 2, False, 1425246430.907105)
(0, -10, 0, 316.70194798219575, 230, 0, 2, False, 1425246431.013491)
(0, -10, 0, 316.70194798219575, 230, 0, 2, False, 1425246431.118805)
(0, -10, 0, 316.70194798219575, 230, 0, 2, False, 1425246431.227666)
(0, -10, 0, 316.70194798219575, 230, 0, 2, False, 1425246431.33505)
(0, -10, 0, 316.70194798219575, 230, 0, 2, False, 1425246431.440471)
(0, -10, 0, 316.70194798219575, 230, 0, 2, False, 1425246431.54567)
(0, -10, 0, 316.70194798219575, 230, 0, 2, False, 1425246431.655502)
(0, -10, 0, 316.70194798219575, 230, 0, 2, False, 1425246431.760833)
(0, -10, 0, 316.70194798219575, 230, 0, 2, False, 1425246431.866133)
(0, -10, 0, 316.70194798219575, 230, 0, 2, False, 1425246431.975575)
(0, -10, 0, 316.70194798219575, 230, 0, 2, False, 1425246432.080893)
(0, -10, 0, 316.70194798219575, 230, 0, 2, False, 1425246432.185982)
(0, -10, 0, 316.70194798219575, 230, 0, 2, False, 1425246432.299041)
(0, -10, 0, 316.70194798219575, 230, 0, 2, False, 1425246432.403837)
(0, -10, 0, 316.70194798219575, 230, 0, 2, False, 1425246432.508515)
(0, -10, 0, 316.70194798219575, 230, 0, 2, False, 1425246432.613542)
(0, -10, 0, 316.70194798219575, 230, 0, 2, False, 1425246432.720956)
(0, -10, 0, 316.70194798219575, 230, 0, 2, False, 1425246432.826274)
(0, -10, 0, 316.70194798219575, 230, 0, 2, False, 1425246432.934436)
(0, -10, 0, 316.70194798219575, 230, 0, 2, False, 1425246433.039825)
(0, -10, 0, 316.70194798219575, 230, 0, 2, False, 1425246433.144888)
(0, -10, 0, 316.70194798219575, 230, 0, 2, False, 1425246433.249822)
(0, -10, 0, 316.70194798219575, 230, 0, 2, False, 1425246433.360307)
(0, -10, 0, 316.70194798219575, 230, 0, 2, False, 1425246433.464398)
(0, -10, 0, 316.70194798219575, 230, 0, 2, False, 1425246433.569664)
(0, -10, 0, 316.70194798219575, 230, 0, 2, False, 1425246433.67787)
(0, -10, 0, 316.70194798219575, 230, 0, 2, False, 1425246433.783238)
(0, -10, 0, 316.70194798219575, 230, 0, 2, False, 1425246433.888238)
(0, -10, 0, 316.70194798219575, 230, 0, 2, False, 1425246433.993498)
(0, -10, 0, 316.70194798219575, 230, 0, 2, False, 1425246434.103236)
(0, -10, 0, 316.70194798219575, 230, 0, 2, False, 1425246434.208537)
(0, -10, 0, 316.70194798219575, 230, 0, 2, False, 1425246434.313796)
(0, -10, 0, 316.70194798219575, 230, 0, 2, False, 1425246434.422712)
(0, -10, 0, 316.70194798219575, 230, 0, 2, False, 1425246434.532722)
(0, -10, 0, 316.70194798219575, 230, 0, 2, False, 1425246434.637866)
(0, -10, 0, 316.70194798219575, 230, 0, 2, False, 1425246434.743151)
(0, -10, 0, 316.70194798219575, 230, 0, 2, False, 1425246434.850108)
(0, -10, 0, 316.70194798219575, 230, 0, 2, False, 1425246434.955476)
(0, -10, 0, 316.70194798219575, 230, 0, 2, False, 1425246435.060453)
(0, -10, 0, 316.70194798219575, 230, 0, 2, False, 1425246435.167965)
(0, -10, 0, 316.70194798219575, 230, 0, 2, False, 1425246435.273118)
(0, -10, 0, 316.70194798219575, 230, 0, 2, False, 1425246435.377878)
(0, -10, 0, 316.70194798219575, 230, 0, 2, False, 1425246435.48842)
(0, -10, 0, 316.70194798219575, 230, 0, 2, False, 1425246435.5933)
(0, -10, 0, 316.70194798219575, 230, 0, 2, False, 1425246435.710512)
(0, -10, 0, 316.70194798219575, 230, 0, 2, False, 1425246435.822482)
(0, -10, 0, 316.70194798219575, 230, 0, 2, False, 1425246435.933988)
(0, -10, 0, 316.70194798219575, 230, 0, 2, False, 1425246436.041971)
(0, -10, 0, 316.70194798219575, 230, 0, 2, False, 1425246436.147407)
(0, -10, 0, 316.70194798219575, 230, 0, 2, False, 1425246436.252447)
(0, -10, 0, 316.70194798219575, 230, 0, 2, False, 1425246436.361555)
(0, -10, 0, 316.70194798219575, 230, 0, 2, False, 1425246436.466917)
(0, -10, 0, 316.70194798219575, 230, 0, 2, False, 1425246436.575025)
(0, -10, 0, 316.70194798219575, 230, 0, 2, False, 1425246436.682428)
(0, -10, 0, 316.70194798219575, 230, 0, 2, False, 1425246436.787602)
(0, -10, 0, 316.70194798219575, 230, 0, 2, False, 1425246436.893006)
(0, -10, 0, 316.70194798219575, 230, 0, 2, False, 1425246437.002969)
(0, -10, 0, 316.70194798219575, 230, 0, 2, False, 1425246437.108285)
(0, -10, 0, 316.70194798219575, 230, 0, 2, False, 1425246437.213503)
(0, -10, 0, 316.70194798219575, 230, 0, 2, False, 1425246437.318648)
(0, -10, 0, 316.70194798219575, 230, 0, 2, False, 1425246437.4271)
(0, -10, 0, 316.70194798219575, 230, 0, 2, False, 1425246437.532644)
(0, -10, 0, 316.70194798219575, 230, 0, 2, False, 1425246437.641049)
(0, -10, 0, 316.70194798219575, 230, 0, 2, False, 1425246437.749705)
(0, -10, 0, 316.70194798219575, 230, 0, 2, False, 1425246437.854981)
(0, -10, 0, 316.70194798219575, 230, 0, 2, False, 1425246437.960083)
(0, -10, 0, 316.70194798219575, 230, 0, 2, False, 1425246438.067614)
(0, -10, 0, 316.70194798219575, 230, 0, 2, False, 1425246438.172793)
(0, -10, 0, 316.70194798219575, 230, 0, 2, False, 1425246438.278209)
(0, -10, 0, 316.70194798219575, 230, 0, 2, False, 1425246438.383503)
(0, -10, 0, 316.70194798219575, 230, 0, 2, False, 1425246438.488552)
(0, -10, 0, 316.70194798219575, 230, 0, 2, False, 1425246438.593629)
(0, -10, 0, 316.70194798219575, 230, 0, 2, False, 1425246438.703817)
(0, -10, 0, 316.70194798219575, 230, 0, 2, False, 1425246438.808238)
(0, -10, 0, 316.70194798219575, 230, 0, 2, False, 1425246438.913585)
(0, -10, 0, 316.70194798219575, 230, 0, 2, False, 1425246439.020832)
(0, -10, 0, 316.70194798219575, 230, 0, 2, False, 1425246439.126037)
(0, -10, 0, 316.70194798219575, 230, 0, 2, False, 1425246439.231486)
(0, -10, 0, 316.70194798219575, 230, 0, 2, False, 1425246439.33667)
(0, -10, 0, 316.70194798219575, 230, 0, 2, False, 1425246439.441734)
(0, -10, 0, 316.70194798219575, 230, 0, 2, False, 1425246439.549626)
(0, -10, 0, 316.70194798219575, 230, 0, 2, False, 1425246439.655082)
(0, -10, 0, 316.70194798219575, 230, 0, 2, False, 1425246439.772287)
(0, -10, 0, 316.70194798219575, 230, 0, 2, False, 1425246439.877751)
(0, -10, 0, 316.70194798219575, 230, 0, 2, False, 1425246439.983075)
(0, -10, 0, 316.70194798219575, 230, 0, 2, False, 1425246440.088049)
(0, -10, 0, 316.70194798219575, 230, 0, 2, False, 1425246440.196199)
(0, -10, 0, 316.70194798219575, 230, 0, 2, False, 1425246440.301467)
(0, -10, 0, 316.70194798219575, 230, 0, 2, False, 1425246440.407241)
(0, -10, 0, 316.70194798219575, 230, 0, 2, False, 1425246440.514402)
(0, -10, 0, 316.70194798219575, 230, 0, 2, False, 1425246440.619596)
