(0, -10, 75.4, 151.07401960784313, 230, 0, 2, True, 1425246008.885611)
(0, -10, 75.4, 151.07401960784313, 230, 0, 2, True, 1425246008.987511)
(0, -10, 75.4, 151.07401960784313, 230, 0, 2, True, 1425246009.089198)
(0, -10, 75.4, 151.07401960784313, 230, 0, 2, True, 1425246009.190406)
(0, -10, 75.4, 151.07401960784313, 230, 0, 2, True, 1425246009.294273)
(0, -10, 75.4, 151.07401960784313, 230, 0, 2, True, 1425246009.398411)
(0, -10, 75.4, 151.07401960784313, 230, 0, 2, True, 1425246009.500749)
(0, -10, 75.4, 151.07401960784313, 230, 0, 2, True, 1425246009.602505)
(0, -10, 75.4, 151.07401960784313, 230, 0, 2, True, 1425246009.707763)
(0, -10, 75.4, 151.07401960784313, 230, 0, 2, True, 1425246009.809894)
(0, -10, 75.4, 151.0597222222222, 230, 0, 2, True, 1425246012.881674)
(0, -10, 75.4, 151.0597222222222, 230, 0, 2, True, 1425246012.988281)
(0, -10, 75.4, 151.0597222222222, 230, 0, 2, True, 1425246013.090961)
(0, -10, 75.4, 151.0597222222222, 230, 0, 2, True, 1425246013.192787)
(0, -10, 75.4, 151.0597222222222, 230, 0, 2, True, 1425246013.296526)
(0, -10, 75.4, 151.0597222222222, 230, 0, 2, True, 1425246013.401593)
(0, -10, 75.4, 151.0597222222222, 230, 0, 2, True, 1425246013.504152)
(0, -10, 75.4, 151.0597222222222, 230, 0, 2, True, 1425246013.605893)
(0, -10, 75.4, 151.0597222222222, 230, 0, 2, True, 1425246013.708102)
(0, -10, 75.4, 151.0597222222222, 230, 0, 2, True, 1425246013.809864)
(0, -10, 75.3, 150.56785714285712, 230, 0, 2, True, 1425246016.974476)
(0, -10, 75.3, 150.56785714285712, 230, 0, 2, True, 1425246017.079212)
(0, -10, 75.3, 150.56785714285712, 230, 0, 2, True, 1425246017.181869)
(0, -10, 75.3, 150.56785714285712, 230, 0, 2, True, 1425246017.284002)
(0, -10, 75.3, 150.56785714285712, 230, 0, 2, True, 1425246017.385749)
(0, -10, 75.3, 150.56785714285712, 230, 0, 2, True, 1425246017.493278)
(0, -10, 75.3, 150.56785714285712, 230, 0, 2, True, 1425246017.595257)
(0, -10, 75.3, 150.56785714285712, 230, 0, 2, True, 1425246017.700593)
(0, -10, 75.3, 150.56785714285712, 230, 0, 2, True, 1425246017.805539)
